desc: I1 cache:         65536 B, 64 B, 16-way associative
desc: D1 cache:         49152 B, 64 B, 12-way associative
desc: LL cache:         18874368 B, 64 B, 18-way associative
cmd: ./good
events: Ir I1mr ILmr Dr D1mr DLmr Dw D1mw DLmw 
fl=./csu/../csu/libc-start.c
fn=__libc_start_main@@GLIBC_2.34
128 2 1 1 2 0 0 0 0 0
134 3 0 0 1 1 0 0 0 0
135 7 0 0 3 1 0 2 0 0
138 1 0 0 1 0 0 0 0 0
139 2 1 1 0 0 0 0 0 0
142 3 0 0 2 1 0 0 0 0
143 2 0 0 2 0 0 0 0 0
144 11 0 0 1 0 0 1 0 0
145 4 1 1 1 0 0 2 0 0
242 13 1 1 0 0 0 7 0 0
311 3 0 0 0 0 0 0 0 0
312 3 0 0 0 0 0 1 0 0
337 6 1 1 2 0 0 1 0 0
340 2 0 0 0 0 0 0 0 0
343 2 0 0 2 0 0 0 0 0
350 2 0 0 1 0 0 1 0 0
352 2 0 0 0 0 0 0 0 0
360 4 0 0 1 0 0 1 0 0
fl=./csu/../sysdeps/nptl/libc_start_call_main.h
fn=(below main)
29 9 1 1 1 0 0 5 0 0
44 3 1 1 0 0 0 1 0 0
46 2 0 0 0 0 0 0 0 0
51 2 0 0 1 1 0 1 0 0
52 2 0 0 1 1 0 1 0 0
55 2 0 0 0 0 0 1 0 0
58 6 1 1 5 0 0 1 0 0
74 2 0 0 0 0 0 1 0 0
fl=./csu/./csu/init-first.c
fn=_init_first
46 6 1 1 0 0 0 2 0 0
51 2 0 0 1 0 0 0 0 0
55 5 1 1 4 1 1 0 0 0
61 1 0 0 0 0 0 1 1 0
62 1 0 0 0 0 0 1 0 0
63 2 0 0 1 0 0 1 1 1
71 2 0 0 0 0 0 0 0 0
72 3 0 0 2 0 0 0 0 0
fl=./ctype/./ctype/ctype-info.c
fn=__ctype_init
29 1 1 1 0 0 0 0 0 0
31 7 1 1 5 1 0 1 0 0
33 4 0 0 2 0 0 1 0 0
35 4 0 0 2 0 0 1 0 0
36 1 0 0 1 0 0 0 0 0
fl=./debug/../sysdeps/x86_64/multiarch/ifunc-memmove.h
fn=__memcpy_chk
56 2 0 0 0 0 0 0 0 0
57 3 1 1 2 0 0 0 0 0
60 3 0 0 1 0 0 0 0 0
61 2 1 1 0 0 0 0 0 0
74 2 0 0 0 0 0 0 0 0
77 2 0 0 0 0 0 0 0 0
85 2 0 0 0 0 0 0 0 0
93 2 1 1 0 0 0 0 0 0
96 5 2 2 1 0 0 0 0 0
fn=__memmove_chk
56 2 0 0 0 0 0 0 0 0
57 3 0 0 2 0 0 0 0 0
60 3 0 0 1 0 0 0 0 0
61 2 1 1 0 0 0 0 0 0
74 2 0 0 0 0 0 0 0 0
77 2 1 1 0 0 0 0 0 0
85 2 0 0 0 0 0 0 0 0
93 2 0 0 0 0 0 0 0 0
96 5 0 0 1 0 0 0 0 0
fn=__mempcpy_chk
56 2 0 0 0 0 0 0 0 0
57 3 1 1 2 0 0 0 0 0
60 3 0 0 1 0 0 0 0 0
61 2 1 1 0 0 0 0 0 0
74 2 0 0 0 0 0 0 0 0
77 2 0 0 0 0 0 0 0 0
85 2 0 0 0 0 0 0 0 0
93 2 1 1 0 0 0 0 0 0
96 5 2 2 1 0 0 0 0 0
fl=./debug/../sysdeps/x86_64/multiarch/ifunc-memset.h
fn=__memset_chk
54 5 0 0 2 0 0 0 0 0
57 3 0 0 1 0 0 0 0 0
58 2 1 1 0 0 0 0 0 0
64 2 1 1 0 0 0 0 0 0
73 2 0 0 0 0 0 0 0 0
75 2 0 0 0 0 0 0 0 0
85 2 0 0 0 0 0 0 0 0
93 2 0 0 0 0 0 0 0 0
96 5 0 0 1 0 0 0 0 0
fl=./debug/../sysdeps/x86_64/multiarch/memcpy_chk.c
fn=__memcpy_chk
29 1 1 1 0 0 0 0 0 0
fl=./debug/../sysdeps/x86_64/multiarch/memmove_chk.c
fn=__memmove_chk
29 1 0 0 0 0 0 0 0 0
fl=./debug/../sysdeps/x86_64/multiarch/mempcpy_chk.c
fn=__mempcpy_chk
29 1 1 1 0 0 0 0 0 0
fl=./debug/../sysdeps/x86_64/multiarch/memset_chk.c
fn=__memset_chk
29 1 0 0 0 0 0 0 0 0
fl=./elf/../bits/stdlib-bsearch.h
fn=intel_check_word.constprop.0
27 96 0 0 0 0 0 0 0 0
28 48 0 0 0 0 0 0 0 0
29 744 0 0 0 0 0 0 0 0
31 648 0 0 0 0 0 0 0 0
32 348 0 0 0 0 0 0 0 0
35 264 0 0 0 0 0 0 0 0
37 120 1 1 0 0 0 0 0 0
fl=./elf/../elf/dl-tls.c
fn=_dl_add_to_slotinfo
1017 9 1 1 0 0 0 5 0 0
1023 1 0 0 1 0 0 0 0 0
1026 1 0 0 1 0 0 0 0 0
1027 1 0 0 0 0 0 0 0 0
1031 3 1 1 1 0 0 0 0 0
1065 2 0 0 0 0 0 0 0 0
1068 2 0 0 0 0 0 1 0 0
1069 3 0 0 1 0 0 1 0 0
1072 6 1 1 6 0 0 0 0 0
fn=_dl_allocate_tls_init
523 11 1 1 0 0 0 8 0 0
524 2 0 0 0 0 0 0 0 0
528 2 0 0 1 1 0 1 0 0
531 1 0 0 0 0 0 0 0 0
534 2 1 1 1 0 0 1 0 0
537 3 0 0 2 1 0 0 0 0
549 1 0 0 1 0 0 0 0 0
554 17 1 1 2 0 0 1 0 0
560 5 1 1 0 0 0 0 0 0
563 3 0 0 1 0 0 0 0 0
564 2 0 0 0 0 0 0 0 0
570 3 1 1 2 0 0 0 0 0
571 2 0 0 0 0 0 0 0 0
573 10 0 0 3 1 0 1 0 0
576 2 0 0 0 0 0 0 0 0
577 2 0 0 1 0 0 0 0 0
580 2 1 1 0 0 0 0 0 0
581 4 0 0 2 0 0 0 0 0
583 2 0 0 0 0 0 0 0 0
584 2 0 0 1 0 0 0 0 0
593 1 0 0 0 0 0 1 0 0
601 2 0 0 1 0 0 0 0 0
603 10 0 0 2 0 0 3 0 0
609 1 0 0 1 0 0 0 0 0
615 2 0 0 1 0 0 1 0 0
618 2 0 0 1 0 0 1 0 0
621 9 0 0 8 0 0 0 0 0
fn=_dl_allocate_tls_storage
365 1 0 0 1 0 0 0 0 0
369 1 1 1 0 0 0 0 0 0
370 1 0 0 0 0 0 0 0 0
371 2 0 0 0 0 0 0 0 0
374 1 0 0 0 0 0 1 1 1
380 2 0 0 0 0 0 1 0 0
417 7 2 2 0 0 0 4 0 0
419 1 0 0 1 0 0 0 0 0
430 1 0 0 1 0 0 0 0 0
431 1 0 0 0 0 0 0 0 0
432 2 0 0 0 0 0 0 0 0
440 6 0 0 0 0 0 0 0 0
441 1 1 1 0 0 0 0 0 0
445 305 0 0 0 0 0 297 37 37
464 1 0 0 0 0 0 1 1 1
470 7 0 0 5 0 0 0 0 0
fn=_dl_assign_tls_modid
125 4 1 1 0 0 0 1 0 0
128 2 0 0 1 0 0 0 0 0
141 1 0 0 1 0 0 0 0 0
181 1 0 0 0 0 0 0 0 0
183 1 1 1 0 0 0 1 0 0
186 1 0 0 0 0 0 1 0 0
187 2 0 0 2 0 0 0 0 0
fn=_dl_count_modids
192 1 1 1 0 0 0 0 0 0
194 2 0 0 1 0 0 0 0 0
195 1 0 0 1 0 0 0 0 0
210 2 0 0 1 0 0 0 0 0
fn=_dl_determine_tlsoffset
216 9 1 1 0 0 0 6 0 0
217 1 0 0 0 0 0 0 0 0
218 1 0 0 0 0 0 0 0 0
219 1 0 0 0 0 0 0 0 0
222 4 0 0 1 0 0 1 0 0
225 2 0 0 1 0 0 0 0 0
259 1 0 0 0 0 0 0 0 0
261 11 1 1 3 0 0 0 0 0
263 5 1 1 2 0 0 1 0 0
265 3 1 1 1 0 0 0 0 0
266 2 0 0 1 0 0 0 0 0
268 2 0 0 0 0 0 0 0 0
270 5 0 0 1 0 0 0 0 0
281 1 0 0 0 0 0 1 0 0
286 8 0 0 0 0 0 0 0 0
288 2 0 0 0 0 0 0 0 0
289 1 0 0 0 0 0 0 0 0
294 1 0 0 0 0 0 0 0 0
301 1 0 0 0 0 0 1 0 0
302 7 2 2 1 0 0 0 0 0
304 2 0 0 0 0 0 1 0 0
354 1 0 0 0 0 0 1 0 0
355 8 0 0 7 0 0 0 0 0
fn=_dl_tls_static_surplus_init
83 3 0 0 0 0 0 0 0 0
97 8 1 1 0 0 0 4 0 0
100 6 0 0 1 0 0 1 0 0
101 5 0 0 1 0 0 1 0 0
102 3 0 0 0 0 0 0 0 0
104 4 1 1 0 0 0 0 0 0
107 1 0 0 0 0 0 0 0 0
109 1 0 0 0 0 0 1 0 0
111 3 0 0 0 0 0 1 0 0
112 6 0 0 5 0 0 0 0 0
fl=./elf/../include/list.h
fn=__tls_init_tp
43 2 1 1 1 0 0 1 0 0
44 2 0 0 0 0 0 1 0 0
45 1 0 0 0 0 0 1 0 0
47 1 0 0 0 0 0 1 0 0
fl=./elf/../include/rtld-malloc.h
fn=__minimal_calloc
56 8 0 0 8 0 0 0 0 0
fn=_dl_allocate_tls_storage
44 2 0 0 1 0 0 1 0 0
56 1 0 0 1 0 0 1 0 0
fn=_dl_check_map_versions
44 9 1 1 3 0 0 3 0 0
fn=_dl_find_object_init
56 2 0 0 1 0 0 1 0 0
fn=_dl_important_hwcaps
56 4 0 0 2 0 0 2 0 0
fn=_dl_init_paths
56 3 0 0 2 0 0 2 0 0
fn=_dl_map_object_deps
56 6 0 0 3 0 0 3 0 0
fn=_dl_new_object
44 9 0 0 3 0 0 3 1 1
56 6 1 1 2 0 0 2 0 0
fn=init_tls
44 2 0 0 1 0 0 1 0 0
fl=./elf/../include/scratch_buffer.h
fn=_dl_map_object_deps
77 2 0 0 0 0 0 1 1 1
78 1 0 0 0 0 0 1 0 0
85 3 1 1 1 0 0 0 0 0
131 8 1 1 0 0 0 4 0 0
fl=./elf/../misc/sbrk.c
fn=sbrk
37 6 1 1 0 0 0 3 0 0
40 1 0 0 1 0 0 0 0 0
58 2 0 0 0 0 0 0 0 0
62 2 0 0 0 0 0 0 0 0
78 5 1 1 4 0 0 0 0 0
fl=./elf/../nptl/nptl-stack.h
fn=__libc_early_init
61 8 1 1 2 1 0 0 0 0
fl=./elf/../sysdeps/generic/_itoa.h
fn=_dl_check_map_versions
76 6 0 0 2 0 0 4 0 0
fl=./elf/../sysdeps/generic/dl-cache.h
fn=_dl_load_cache_lookup
125 1 1 1 1 0 0 0 0 0
194 1 0 0 1 0 0 0 0 0
195 5 0 0 0 0 0 0 0 0
fl=./elf/../sysdeps/generic/dl-call_tls_init_tp.h
fn=init_tls
31 8 0 0 0 0 0 2 0 0
33 1 0 0 0 0 0 1 0 0
fl=./elf/../sysdeps/generic/dl-debug.h
fn=dl_main
29 4 0 0 2 0 0 0 0 0
30 1 0 0 0 0 0 1 0 0
fl=./elf/../sysdeps/generic/dl-hash.h
fn=__rtld_malloc_init_real
43 1 0 0 0 0 0 0 0 0
44 1 0 0 0 0 0 0 0 0
45 19 0 0 6 1 1 0 0 0
48 18 0 0 0 0 0 0 0 0
62 24 0 0 0 0 0 0 0 0
67 1 0 0 0 0 0 0 0 0
72 1 0 0 0 0 0 1 0 0
fl=./elf/../sysdeps/generic/dl-new-hash.h
fn=_dl_lookup_symbol_x
69 96 0 0 0 0 0 0 0 0
70 192 0 0 0 0 0 0 0 0
74 787 0 0 787 86 85 0 0 0
77 1574 0 0 0 0 0 0 0 0
80 737 0 0 737 12 12 0 0 0
81 1474 0 0 0 0 0 0 0 0
87 46 1 1 0 0 0 0 0 0
88 46 0 0 0 0 0 0 0 0
89 92 0 0 0 0 0 0 0 0
90 46 0 0 0 0 0 0 0 0
99 691 0 0 0 0 0 0 0 0
101 691 0 0 0 0 0 0 0 0
102 1382 0 0 0 0 0 0 0 0
104 691 1 1 0 0 0 0 0 0
105 691 0 0 0 0 0 0 0 0
fl=./elf/../sysdeps/generic/dl-protected.h
fn=do_lookup_x
29 356 0 0 0 0 0 0 0 0
fl=./elf/../sysdeps/generic/ldsodefs.h
fn=_dl_relocate_object
79 35 1 1 17 0 0 0 0 0
140 297 0 0 99 0 0 0 0 0
fn=_dl_start
79 6 1 1 3 0 0 0 0 0
fn=do_lookup_x
139 178 0 0 89 0 0 0 0 0
140 267 0 0 0 0 0 0 0 0
fl=./elf/../sysdeps/nptl/dl-mutex.c
fn=__rtld_mutex_init
30 7 1 1 0 0 0 4 0 0
37 1 0 0 1 0 0 0 0 0
40 7 0 0 0 0 0 1 0 0
44 2 1 1 0 0 0 0 0 0
45 9 0 0 3 0 0 1 0 0
47 6 0 0 0 0 0 1 0 0
51 2 1 1 0 0 0 0 0 0
52 7 0 0 3 0 0 1 0 0
53 6 0 0 5 0 0 0 0 0
fl=./elf/../sysdeps/nptl/dl-tls_init_tp.c
fn=__tls_init_tp
68 5 0 0 0 0 0 2 0 0
69 1 0 0 1 0 0 0 0 0
72 1 0 0 0 0 0 0 0 0
75 4 0 0 0 0 0 1 0 0
76 2 0 0 0 0 0 1 0 0
77 1 1 1 0 0 0 1 0 0
82 2 0 0 1 0 0 1 0 0
87 4 0 0 0 0 0 1 0 0
90 1 0 0 0 0 0 1 0 0
93 3 0 0 0 0 0 0 0 0
105 4 1 1 0 0 0 1 0 0
121 3 0 0 2 0 0 1 0 0
128 2 0 0 1 0 0 1 0 0
129 3 0 0 3 0 0 0 0 0
fn=__tls_pre_init_tp
53 3 1 1 0 0 0 0 0 0
56 10 1 1 0 0 0 3 1 1
61 2 0 0 0 0 0 1 0 0
62 1 1 1 0 0 0 1 0 0
64 1 0 0 1 0 0 0 0 0
fn=rtld_mutex_dummy
42 8 0 0 0 0 0 0 0 0
44 16 0 0 8 0 0 0 0 0
fl=./elf/../sysdeps/nptl/pthread_early_init.h
fn=__libc_early_init
33 6 1 1 0 0 0 1 0 0
34 1 0 0 1 0 0 0 0 0
38 5 0 0 0 0 0 0 0 0
45 2 0 0 2 0 0 0 0 0
46 1 0 0 0 0 0 0 0 0
48 2 0 0 0 0 0 0 0 0
52 5 1 1 0 0 0 1 0 0
53 1 0 0 0 0 0 1 1 1
54 1 0 0 0 0 0 1 1 1
56 1 0 0 0 0 0 1 0 0
fl=./elf/../sysdeps/posix/dl-fileid.h
fn=_dl_map_object_from_fd
37 8 0 0 0 0 0 2 1 1
40 8 0 0 6 1 1 2 0 0
49 12 0 0 6 1 1 0 0 0
fl=./elf/../sysdeps/unix/sysv/linux/brk.c
fn=brk
36 1 1 1 0 0 0 0 0 0
37 1 0 0 0 0 0 1 1 1
38 2 0 0 0 0 0 0 0 0
44 1 0 0 0 0 0 0 0 0
45 1 0 0 1 0 0 0 0 0
fl=./elf/../sysdeps/unix/sysv/linux/brk_call.h
fn=brk
24 2 0 0 0 0 0 0 0 0
fl=./elf/../sysdeps/unix/sysv/linux/dl-osinfo.h
fn=dl_main
39 2 0 0 1 0 0 0 0 0
52 1 0 0 1 0 0 0 0 0
fl=./elf/../sysdeps/unix/sysv/linux/dl-parse_auxv.h
fn=_dl_sysdep_parse_arguments
32 2 0 0 0 0 0 1 0 0
33 1 0 0 0 0 0 1 0 0
34 1 0 0 0 0 0 1 0 0
41 93 1 1 24 0 0 0 0 0
42 44 0 0 0 0 0 0 0 0
43 44 0 0 22 6 6 22 0 0
45 1 0 0 0 0 0 1 0 0
46 2 0 0 1 0 0 1 0 0
47 2 0 0 1 0 0 1 0 0
48 2 0 0 1 0 0 1 0 0
49 1 0 0 0 0 0 1 0 0
51 2 1 1 1 0 0 1 0 0
52 2 0 0 1 0 0 1 1 1
53 2 0 0 1 0 0 1 0 0
54 2 1 1 1 0 0 1 0 0
56 2 0 0 1 0 0 1 0 0
fl=./elf/../sysdeps/unix/sysv/linux/dl-sysdep.c
fn=_dl_sysdep_parse_arguments
78 7 1 1 0 0 0 4 0 0
79 2 0 0 1 0 0 1 1 1
80 2 0 0 0 0 0 1 0 0
81 3 0 0 0 0 0 1 1 1
82 59 0 0 0 0 0 0 0 0
83 121 1 1 60 8 8 0 0 0
86 2 1 1 0 0 0 1 1 1
90 56 0 0 0 0 0 52 7 7
93 5 0 0 3 0 0 1 0 0
94 2 0 0 1 0 0 1 0 0
95 3 1 1 2 0 0 1 0 0
96 6 0 0 5 0 0 0 0 0
fn=_dl_sysdep_start
102 6 1 1 0 0 0 2 0 0
103 1 0 0 0 0 0 1 0 0
106 2 0 0 0 0 0 1 1 1
110 2 0 0 1 0 0 1 0 0
113 1 0 0 0 0 0 1 0 0
115 2 0 0 0 0 0 1 0 0
122 3 1 1 1 0 0 0 0 0
123 2 0 0 0 0 0 2 0 0
125 5 0 0 0 0 0 1 0 0
137 3 0 0 1 0 0 0 0 0
140 5 1 1 3 0 0 1 0 0
143 4 0 0 4 1 0 0 0 0
fn=_dl_sysdep_start_cleanup
147 1 1 1 0 0 0 0 0 0
148 1 0 0 1 0 0 0 0 0
fl=./elf/../sysdeps/unix/sysv/linux/dl-vdso-setup.h
fn=dl_main
30 1 0 0 0 0 0 1 0 0
33 1 1 1 0 0 0 1 0 0
36 1 0 0 0 0 0 1 0 0
39 1 0 0 0 0 0 1 0 0
45 1 0 0 0 0 0 1 0 0
fl=./elf/../sysdeps/unix/sysv/linux/dl-vdso.h
fn=dl_main
40 2 1 1 1 0 0 0 0 0
41 5 0 0 0 0 0 2 0 0
55 2 0 0 0 0 0 0 0 0
fl=./elf/../sysdeps/unix/sysv/linux/rseq-internal.h
fn=__tls_init_tp
32 3 0 0 1 0 0 0 0 0
34 7 1 1 0 0 0 0 0 0
37 2 0 0 0 0 0 0 0 0
40 1 0 0 0 0 0 1 0 0
fl=./elf/../sysdeps/unix/sysv/linux/x86/dl-hwcap2.h
fn=update_active.constprop.0
25 2 0 0 1 0 0 0 0 0
fl=./elf/../sysdeps/unix/sysv/linux/x86/dl-minsigstacksize.h
fn=get_common_indices.constprop.0
24 2 2 2 1 0 0 0 0 0
27 2 0 0 1 0 0 0 0 0
28 2 0 0 1 0 0 0 0 0
65 3 0 0 0 0 0 0 0 0
72 1 0 0 0 0 0 0 0 0
74 1 0 0 0 0 0 1 0 0
fl=./elf/../sysdeps/x86/cpu-features.c
fn=get_common_indices.constprop.0
398 3 1 1 0 0 0 2 0 0
402 4 0 0 0 0 0 0 0 0
405 5 0 0 0 0 0 3 0 0
409 1 0 0 0 0 0 1 0 0
410 4 0 0 0 0 0 1 0 0
411 4 1 1 0 0 0 1 0 0
412 4 0 0 0 0 0 1 0 0
413 3 0 0 0 0 0 1 0 0
414 2 0 0 1 0 0 0 0 0
421 2 0 0 1 0 0 0 0 0
423 9 0 0 0 0 0 4 1 1
428 8 2 2 0 0 0 4 1 1
435 2 0 0 1 0 0 0 0 0
436 7 0 0 0 0 0 4 1 1
442 2 0 0 1 0 0 0 0 0
457 3 0 0 3 0 0 0 0 0
fn=init_cpu_features.constprop.0
376 3 0 0 0 0 0 0 0 0
377 2 0 0 0 0 0 0 0 0
378 6 0 0 0 0 0 4 0 0
383 2 1 1 0 0 0 0 0 0
384 6 1 1 0 0 0 4 0 0
389 2 0 0 0 0 0 0 0 0
390 7 1 1 0 0 0 4 0 0
682 8 1 1 0 0 0 6 0 0
685 1 0 0 0 0 0 1 0 0
686 1 1 1 0 0 0 1 0 0
687 1 0 0 0 0 0 1 0 0
690 1 0 0 0 0 0 1 1 1
699 3 0 0 0 0 0 1 0 0
702 6 1 1 0 0 0 0 0 0
703 1 0 0 0 0 0 0 0 0
706 2 0 0 0 0 0 1 0 0
708 6 2 2 0 0 0 1 0 0
713 1 0 0 0 0 0 1 0 0
715 3 0 0 1 0 0 0 0 0
717 9 2 2 3 1 1 1 0 0
721 7 0 0 1 1 1 0 0 0
774 3 0 0 2 0 0 0 0 0
781 2 1 1 0 0 0 1 0 0
799 1 1 1 0 0 0 1 0 0
832 2 0 0 0 0 0 0 0 0
866 4 1 1 0 0 0 0 0 0
869 2 0 0 0 0 0 1 0 0
870 1 1 1 0 0 0 0 0 0
878 2 1 1 1 0 0 0 0 0
885 2 0 0 1 0 0 0 0 0
887 2 0 0 0 0 0 1 0 0
891 2 0 0 0 0 0 0 0 0
897 2 0 0 1 0 0 0 0 0
899 1 1 1 0 0 0 0 0 0
1001 3 1 1 1 0 0 0 0 0
1002 2 0 0 0 0 0 1 0 0
1005 2 0 0 0 0 0 0 0 0
1006 2 0 0 0 0 0 1 0 0
1012 1 0 0 0 0 0 1 0 0
1013 1 0 0 0 0 0 1 0 0
1014 1 0 0 0 0 0 1 0 0
1015 2 1 1 1 0 0 1 0 0
1019 4 0 0 0 0 0 1 0 0
1022 4 0 0 0 0 0 1 0 0
1028 3 0 0 1 0 0 0 0 0
1041 2 0 0 0 0 0 0 0 0
1042 4 1 1 1 0 0 0 0 0
1081 1 0 0 0 0 0 1 0 0
1082 2 1 1 1 0 0 0 0 0
1086 3 0 0 1 0 0 0 0 0
1103 2 1 1 0 0 0 0 0 0
1104 2 0 0 0 0 0 0 0 0
1106 3 0 0 0 0 0 0 0 0
1107 2 0 0 1 0 0 0 0 0
1109 3 0 0 0 0 0 0 0 0
1110 2 0 0 0 0 0 0 0 0
1113 2 0 0 0 0 0 1 0 0
1127 4 0 0 0 0 0 1 0 0
1129 4 0 0 0 0 0 1 0 0
1135 4 0 0 0 0 0 1 0 0
1142 8 0 0 7 0 0 0 0 0
fn=update_active.constprop.0
72 8 2 2 0 0 0 6 0 0
76 1 0 0 1 0 0 0 0 0
84 3 1 1 1 0 0 0 0 0
85 3 0 0 0 0 0 0 0 0
86 1 0 0 1 0 0 0 0 0
94 4 0 0 1 0 0 1 0 0
95 1 0 0 1 0 0 0 0 0
103 4 0 0 1 0 0 1 0 0
104 1 0 0 1 0 0 0 0 0
109 4 0 0 0 0 0 1 0 0
112 4 0 0 1 0 0 1 0 0
113 1 0 0 1 0 0 0 0 0
116 5 1 1 1 0 0 2 1 1
117 2 1 1 1 0 0 1 0 0
121 5 0 0 1 0 0 2 0 0
122 3 0 0 2 0 0 0 0 0
123 3 1 1 2 0 0 0 0 0
124 2 0 0 1 0 0 1 0 0
128 5 0 0 1 0 0 1 0 0
129 5 1 1 2 0 0 1 0 0
130 3 0 0 2 1 1 0 0 0
132 2 0 0 0 0 0 0 0 0
133 4 0 0 0 0 0 1 0 0
147 2 0 0 0 0 0 0 0 0
151 7 2 2 0 0 0 4 0 0
152 4 0 0 0 0 0 1 0 0
154 3 0 0 0 0 0 0 0 0
158 4 1 1 0 0 0 1 0 0
161 1 0 0 0 0 0 0 0 0
164 2 0 0 0 0 0 0 0 0
166 2 0 0 0 0 0 1 0 0
170 1 0 0 0 0 0 0 0 0
171 1 1 1 1 1 1 0 0 0
178 4 1 1 1 0 0 1 0 0
180 5 0 0 1 0 0 1 0 0
186 4 0 0 0 0 0 1 0 0
188 5 1 1 2 0 0 1 0 0
190 4 0 0 0 0 0 2 0 0
195 5 0 0 0 0 0 1 0 0
244 3 0 0 1 0 0 0 0 0
245 3 0 0 1 0 0 0 0 0
261 4 1 1 0 0 0 0 0 0
277 2 0 0 0 0 0 0 0 0
281 2 0 0 0 0 0 1 0 0
282 1 1 1 1 0 0 0 0 0
285 4 0 0 1 0 0 1 0 0
289 2 0 0 0 0 0 0 0 0
293 3 1 1 0 0 0 0 0 0
294 2 0 0 0 0 0 0 0 0
296 1 0 0 0 0 0 0 0 0
297 1 0 0 0 0 0 0 0 0
300 2 0 0 0 0 0 1 0 0
302 1 0 0 0 0 0 1 0 0
305 2 0 0 0 0 0 0 0 0
356 5 1 1 0 0 0 0 0 0
360 3 1 1 1 0 0 0 0 0
369 1 0 0 0 0 0 1 0 0
370 8 0 0 7 0 0 0 0 0
fl=./elf/../sysdeps/x86/dl-cacheinfo.h
fn=get_common_cache_info.constprop.0
571 11 1 1 0 0 0 6 0 0
586 1 0 0 1 0 0 0 0 0
587 1 0 0 1 0 0 0 0 0
588 2 0 0 1 0 0 1 0 0
589 1 1 1 1 0 0 0 0 0
590 2 0 0 1 0 0 1 0 0
596 3 0 0 0 0 0 1 0 0
598 7 1 1 3 0 0 2 0 0
601 2 0 0 0 0 0 0 0 0
613 1 0 0 0 0 0 0 0 0
618 3 1 1 1 0 0 0 0 0
622 2 0 0 0 0 0 0 0 0
627 5 1 1 1 0 0 0 0 0
630 24 2 2 0 0 0 5 0 0
637 8 0 0 0 0 0 0 0 0
640 26 0 0 0 0 0 0 0 0
645 2 1 1 0 0 0 0 0 0
649 3 0 0 0 0 0 0 0 0
650 2 0 0 0 0 0 0 0 0
654 2 0 0 0 0 0 0 0 0
658 3 0 0 0 0 0 0 0 0
661 4 0 0 0 0 0 1 0 0
662 1 0 0 0 0 0 0 0 0
667 4 0 0 0 0 0 0 0 0
673 4 0 0 0 0 0 0 0 0
681 6 0 0 0 0 0 0 0 0
683 2 0 0 0 0 0 0 0 0
685 4 0 0 0 0 0 0 0 0
687 12 1 1 0 0 0 0 0 0
689 1 0 0 0 0 0 0 0 0
690 1 0 0 0 0 0 0 0 0
691 9 0 0 1 0 0 0 0 0
693 4 1 1 0 0 0 0 0 0
696 7 1 1 4 0 0 0 0 0
701 1 0 0 0 0 0 0 0 0
703 4 1 1 0 0 0 0 0 0
704 3 0 0 0 0 0 0 0 0
705 1 0 0 0 0 0 0 0 0
708 2 0 0 0 0 0 0 0 0
711 2 1 1 0 0 0 0 0 0
718 1 0 0 0 0 0 0 0 0
720 4 0 0 0 0 0 0 0 0
721 1 0 0 0 0 0 0 0 0
726 2 0 0 0 0 0 0 0 0
731 2 0 0 0 0 0 0 0 0
732 1 0 0 0 0 0 0 0 0
733 2 0 0 0 0 0 0 0 0
734 1 0 0 0 0 0 0 0 0
759 3 0 0 0 0 0 0 0 0
770 5 0 0 1 0 0 0 0 0
771 5 0 0 0 0 0 1 0 0
775 2 1 1 1 0 0 0 0 0
782 1 0 0 0 0 0 1 0 0
783 2 0 0 1 0 0 1 0 0
784 1 0 0 0 0 0 1 0 0
785 7 0 0 7 0 0 0 0 0
fn=handle_intel.constprop.0
250 108 0 0 0 0 0 72 0 0
255 24 1 1 12 0 0 0 0 0
261 12 0 0 0 0 0 12 0 0
262 12 0 0 0 0 0 12 0 0
267 48 0 0 0 0 0 12 0 0
271 24 0 0 0 0 0 0 0 0
276 24 1 1 0 0 0 0 0 0
279 60 0 0 0 0 0 12 0 0
281 24 0 0 0 0 0 0 0 0
284 60 1 1 0 0 0 12 0 0
286 24 0 0 0 0 0 0 0 0
305 96 0 0 84 0 0 0 0 0
fn=init_cpu_features.constprop.0
792 1 0 0 0 0 0 1 0 0
793 1 0 0 0 0 0 1 0 0
795 1 0 0 0 0 0 1 0 0
809 2 0 0 0 0 0 0 0 0
811 3 1 1 0 0 0 2 0 0
812 3 1 1 0 0 0 1 0 0
813 3 0 0 0 0 0 2 0 0
814 2 0 0 0 0 0 2 0 0
817 3 0 0 0 0 0 2 0 0
819 3 1 1 0 0 0 2 0 0
820 2 0 0 1 0 0 1 0 0
822 3 0 0 0 0 0 2 0 0
824 3 0 0 0 0 0 2 0 0
825 1 0 0 0 0 0 1 0 0
827 3 0 0 0 0 0 2 0 0
829 3 1 1 0 0 0 2 0 0
830 2 0 0 1 0 0 1 0 0
832 3 0 0 0 0 0 2 0 0
834 3 0 0 0 0 0 1 0 0
836 3 1 1 0 0 0 2 0 0
838 5 0 0 1 0 0 1 0 0
894 2 1 1 1 0 0 1 1 1
895 2 0 0 1 0 0 1 0 0
896 2 0 0 1 0 0 1 0 0
897 2 1 1 1 0 0 1 0 0
898 2 0 0 1 0 0 1 0 0
899 2 0 0 1 0 0 1 0 0
900 1 0 0 0 0 0 1 1 1
901 1 0 0 0 0 0 1 0 0
902 1 0 0 0 0 0 1 0 0
903 1 1 1 0 0 0 1 0 0
904 1 0 0 0 0 0 1 0 0
905 1 0 0 0 0 0 1 0 0
907 1 0 0 1 0 0 0 0 0
910 3 0 0 0 0 0 0 0 0
924 3 0 0 1 0 0 0 0 0
925 7 1 1 5 0 0 2 0 0
930 2 0 0 0 0 0 0 0 0
931 6 0 0 2 0 0 0 0 0
932 2 0 0 0 0 0 0 0 0
939 3 0 0 1 0 0 0 0 0
959 6 1 1 0 0 0 0 0 0
968 2 0 0 0 0 0 0 0 0
969 2 0 0 0 0 0 0 0 0
974 12 2 2 0 0 0 0 0 0
987 5 0 0 2 0 0 1 0 0
995 7 1 1 1 0 0 1 0 0
997 2 0 0 0 0 0 0 0 0
1000 5 0 0 1 0 0 1 0 0
1002 2 0 0 0 0 0 0 0 0
1005 5 1 1 1 0 0 1 0 0
1006 5 0 0 0 0 0 1 0 0
1010 6 0 0 1 0 0 2 0 0
1011 3 0 0 1 0 0 0 0 0
1017 7 0 0 1 0 0 3 0 0
1020 11 2 2 2 0 0 5 0 0
1021 10 1 1 2 0 0 5 0 0
1022 13 2 2 2 0 0 6 0 0
1025 10 0 0 1 0 0 5 0 0
1027 10 1 1 1 0 0 5 0 0
1040 4 0 0 3 0 0 0 0 0
1042 2 0 0 1 0 0 1 0 0
1043 2 1 1 1 0 0 1 0 0
1044 1 0 0 0 0 0 1 0 0
1045 1 0 0 0 0 0 1 0 0
1046 1 1 1 0 0 0 1 0 0
1047 1 0 0 0 0 0 1 0 0
fn=intel_check_word.constprop.0
110 648 1 1 324 6 6 0 0 0
113 324 0 0 0 0 0 0 0 0
119 216 0 0 0 0 0 96 0 0
123 48 1 1 0 0 0 0 0 0
125 12 0 0 0 0 0 0 0 0
129 120 1 1 0 0 0 0 0 0
131 144 0 0 0 0 0 0 0 0
133 60 0 0 0 0 0 0 0 0
135 120 0 0 0 0 0 0 0 0
143 120 1 1 0 0 0 0 0 0
152 12 0 0 0 0 0 0 0 0
155 138 1 1 0 0 0 0 0 0
158 99 0 0 0 0 0 0 0 0
162 58 0 0 0 0 0 0 0 0
164 189 1 1 0 0 0 0 0 0
167 120 0 0 0 0 0 0 0 0
168 72 0 0 0 0 0 0 0 0
169 60 0 0 0 0 0 0 0 0
170 48 0 0 0 0 0 0 0 0
172 11 1 1 0 0 0 0 0 0
174 22 0 0 0 0 0 0 0 0
176 12 1 1 0 0 0 0 0 0
177 16 0 0 0 0 0 0 0 0
178 12 0 0 0 0 0 0 0 0
179 20 0 0 0 0 0 0 0 0
180 14 1 1 0 0 0 0 0 0
181 12 0 0 0 0 0 0 0 0
183 8 0 0 0 0 0 0 0 0
184 12 0 0 0 0 0 0 0 0
187 21 0 0 0 0 0 0 0 0
190 2 0 0 0 0 0 0 0 0
194 192 0 0 0 0 0 0 0 0
202 168 1 1 48 0 0 0 0 0
216 48 0 0 0 0 0 0 0 0
246 144 0 0 120 0 0 0 0 0
fl=./elf/../sysdeps/x86/dl-get-cpu-features.c
fn=__x86_cpu_features
39 3 0 0 1 0 0 0 0 0
71 3 1 1 1 0 0 0 0 0
fn=_dl_x86_init_cpu_features
37 1 1 1 0 0 0 0 0 0
39 3 0 0 1 0 0 0 0 0
41 1 0 0 0 0 0 0 0 0
fl=./elf/../sysdeps/x86/dl-isa-level.h
fn=_dl_load_cache_lookup
28 6 0 0 2 0 0 2 0 0
fl=./elf/../sysdeps/x86/dl-procinfo.h
fn=_dl_load_cache_lookup
39 2 1 1 0 0 0 0 0 0
42 7 0 0 0 0 0 2 0 0
fl=./elf/../sysdeps/x86/dl-prop.h
fn=_dl_map_object_from_fd
149 8 0 0 4 0 0 0 0 0
fn=_dl_process_pt_gnu_property
95 20 1 1 0 0 0 0 0 0
102 10 0 0 0 0 0 0 0 0
115 10 0 0 0 0 0 0 0 0
118 5 0 0 5 1 1 0 0 0
252 4 1 1 0 0 0 0 0 0
253 2 0 0 0 0 0 2 0 0
254 6 0 0 0 0 0 0 0 0
255 3 0 0 0 0 0 3 0 0
257 20 0 0 5 0 0 5 0 0
258 1 0 0 1 0 0 0 0 0
260 5 0 0 2 0 0 0 0 0
fn=dl_main
36 2 0 0 2 0 0 0 0 0
37 15 1 1 0 0 0 0 0 0
40 7 0 0 7 0 0 0 0 0
49 22 1 1 7 0 0 0 0 0
53 18 0 0 4 0 0 0 0 0
71 2 0 0 1 0 0 1 0 0
149 4 0 0 2 0 0 0 0 0
235 4 1 1 4 0 0 0 0 0
236 2 0 0 2 0 0 0 0 0
fl=./elf/../sysdeps/x86/get-isa-level.h
fn=_dl_hwcaps_subdirs_active
30 4 0 0 0 0 0 0 0 0
31 1 0 0 1 0 0 0 0 0
32 3 0 0 1 0 0 0 0 0
36 3 0 0 0 0 0 0 0 0
39 4 1 1 1 0 0 0 0 0
40 4 0 0 1 0 0 0 0 0
45 4 0 0 0 0 0 0 0 0
48 2 0 0 0 0 0 0 0 0
51 5 0 0 1 0 0 0 0 0
53 4 1 1 0 0 0 0 0 0
54 2 0 0 0 0 0 0 0 0
55 2 0 0 0 0 0 0 0 0
58 4 0 0 0 0 0 0 0 0
fn=update_active.constprop.0
28 1 0 0 0 0 0 0 0 0
30 4 0 0 0 0 0 0 0 0
31 1 0 0 1 0 0 0 0 0
32 3 0 0 0 0 0 0 0 0
36 3 0 0 0 0 0 0 0 0
38 1 0 0 0 0 0 0 0 0
39 2 1 1 0 0 0 0 0 0
40 4 1 1 1 0 0 0 0 0
45 4 0 0 0 0 0 0 0 0
47 1 0 0 0 0 0 0 0 0
48 2 0 0 0 0 0 0 0 0
51 5 1 1 1 0 0 0 0 0
53 4 0 0 0 0 0 0 0 0
54 2 0 0 0 0 0 0 0 0
55 2 0 0 0 0 0 0 0 0
57 1 0 0 0 0 0 0 0 0
58 4 0 0 0 0 0 0 0 0
fl=./elf/../sysdeps/x86_64/dl-cet.c
fn=_dl_cet_check
145 2 0 0 1 0 0 0 0 0
157 2 0 0 1 0 0 0 0 0
173 1 1 1 0 0 0 0 0 0
179 1 0 0 0 0 0 1 0 0
275 2 0 0 0 0 0 0 0 0
276 1 0 0 0 0 0 1 0 0
277 2 0 0 1 0 0 0 0 0
282 4 0 0 1 0 0 1 0 0
283 3 0 0 0 0 0 1 0 0
285 2 0 0 1 0 0 1 0 0
293 5 1 1 1 0 0 0 0 0
296 1 0 0 0 0 0 1 0 0
300 2 0 0 0 0 0 0 0 0
301 1 0 0 0 0 0 1 0 0
302 2 0 0 0 0 0 0 0 0
303 2 1 1 0 0 0 0 0 0
304 2 0 0 0 0 0 1 0 0
305 2 0 0 0 0 0 0 0 0
308 1 0 0 0 0 0 1 0 0
310 1 0 0 0 0 0 1 0 0
313 2 0 0 0 0 0 0 0 0
361 8 1 1 0 0 0 4 0 0
363 6 0 0 5 0 0 0 0 0
fn=_dl_cet_setup_features
331 1 1 1 0 0 0 0 0 0
334 2 0 0 0 0 0 0 0 0
350 1 0 0 1 0 0 0 0 0
fl=./elf/../sysdeps/x86_64/dl-hwcaps-subdirs.c
fn=_dl_hwcaps_subdirs_active
29 1 1 1 0 0 0 0 0 0
38 3 0 0 0 0 0 0 0 0
43 1 0 0 0 0 0 0 0 0
48 1 0 0 0 0 0 0 0 0
52 1 0 0 1 0 0 0 0 0
fl=./elf/../sysdeps/x86_64/dl-machine.h
fn=_dl_relocate_object
81 16 0 0 2 0 0 0 0 0
267 228 2 2 0 0 0 0 0 0
274 228 0 0 0 0 0 0 0 0
278 228 0 0 0 0 0 0 0 0
287 1191 3 3 462 0 0 0 0 0
290 246 1 1 92 0 0 0 0 0
291 94 0 0 0 0 0 0 0 0
292 428 0 0 0 0 0 0 0 0
317 684 1 1 114 3 3 0 0 0
320 16 0 0 0 0 0 16 0 0
323 16 0 0 0 0 0 0 0 0
393 20 1 1 0 0 0 12 0 0
400 48 1 1 16 0 0 0 0 0
402 64 0 0 16 0 0 0 0 0
406 48 1 1 32 3 3 0 0 0
415 32 0 0 16 0 0 16 5 5
423 198 1 1 100 0 0 98 19 18
436 7 0 0 0 0 0 4 0 0
476 94 1 1 94 0 0 0 0 0
478 47 0 0 0 0 0 47 0 0
479 47 0 0 0 0 0 47 1 0
498 18 0 0 6 0 0 0 0 0
499 6 0 0 0 0 0 6 4 2
503 12 0 0 0 0 0 0 0 0
504 12 0 0 6 1 1 0 0 0
730 8 0 0 0 0 0 0 0 0
734 6 1 1 3 1 0 0 0 0
fn=_dl_start
55 1 0 0 0 0 0 0 0 0
278 9 0 0 0 0 0 0 0 0
287 27 0 0 9 3 3 1 1 1
290 6 0 0 3 0 0 0 0 0
291 12 0 0 0 0 0 0 0 0
317 8 0 0 0 0 0 0 0 0
323 2 0 0 0 0 0 2 1 1
fn=_dl_sysdep_start
220 1 0 0 0 0 0 1 0 0
fl=./elf/./dl-find_object.h
fn=_dl_find_object_from_map
95 8 1 1 4 2 0 4 3 2
96 8 1 1 4 0 0 4 0 0
97 4 0 0 0 0 0 4 0 0
103 20 0 0 8 3 0 0 0 0
104 119 0 0 0 0 0 0 0 0
105 82 1 1 41 34 8 0 0 0
107 12 0 0 8 1 0 4 0 0
112 4 0 0 4 0 0 0 0 0
fl=./elf/./dl-hwcaps.h
fn=_dl_important_hwcaps
43 9 1 1 0 0 0 6 0 0
45 7 0 0 0 0 0 6 0 0
46 1 0 0 0 0 0 0 0 0
77 8 0 0 3 0 0 5 0 0
78 8 1 1 3 0 0 5 0 0
79 7 2 2 0 0 0 2 0 0
fl=./elf/./dl-load.h
fn=_dl_map_object_from_fd
91 16 0 0 8 0 0 0 0 0
92 4 1 1 2 0 0 0 0 0
93 5 1 1 1 0 0 0 0 0
94 4 0 0 1 0 0 0 0 0
96 4 0 0 0 0 0 1 0 0
fl=./elf/./dl-main.h
fn=dl_main
109 5 1 1 4 0 0 1 0 0
fl=./elf/./dl-map-segments.h
fn=_dl_map_object_from_fd
28 6 0 0 2 0 0 0 0 0
29 18 1 1 6 0 0 4 1 1
81 2 0 0 2 0 0 0 0 0
101 2 0 0 0 0 0 2 0 0
102 6 0 0 2 0 0 0 0 0
105 6 0 0 2 0 0 2 0 0
106 4 0 0 0 0 0 2 0 0
108 4 1 1 2 0 0 0 0 0
125 2 1 1 2 0 0 0 0 0
135 48 1 1 8 0 0 0 0 0
137 24 0 0 12 0 0 0 0 0
139 60 0 0 24 0 0 6 0 0
149 32 0 0 16 0 0 0 0 0
155 4 1 1 2 0 0 0 0 0
156 2 0 0 0 0 0 0 0 0
157 6 0 0 2 0 0 0 0 0
158 4 0 0 0 0 0 0 0 0
160 4 0 0 0 0 0 0 0 0
165 4 0 0 0 0 0 0 0 0
168 6 0 0 2 0 0 0 0 0
176 14 0 0 2 0 0 4 0 0
182 4 0 0 0 0 0 0 0 0
186 8 2 2 1 0 0 1 0 0
189 2 0 0 0 0 0 0 0 0
194 8 1 1 0 0 0 0 0 0
fl=./elf/./dl-sym-post.h
fn=lookup_malloc_symbol
41 8 0 0 0 0 0 0 0 0
53 12 0 0 4 0 0 0 0 0
fl=./elf/./dl-tunable-types.h
fn=__GI___tunable_set_val
84 5 0 0 0 0 0 0 0 0
fl=./elf/./elf/dl-audit.c
fn=_dl_audit_activity_map
29 7 1 1 0 0 0 5 0 0
30 1 0 0 1 0 0 0 0 0
31 3 0 0 1 0 0 0 0 0
37 6 1 1 6 0 0 0 0 0
fn=_dl_audit_activity_nsid
41 3 1 1 0 0 0 0 0 0
45 12 0 0 3 0 0 0 0 0
46 3 0 0 3 1 0 0 0 0
47 15 1 1 3 0 0 0 0 0
fn=_dl_audit_objclose
97 4 1 1 0 0 0 0 0 0
98 16 0 0 8 0 0 0 0 0
fn=_dl_audit_objopen
77 2 1 1 0 0 0 0 0 0
78 8 0 0 4 0 0 0 0 0
fn=_dl_audit_preinit
118 1 1 1 0 0 0 0 0 0
119 4 0 0 2 0 0 0 0 0
fl=./elf/./elf/dl-cache.c
fn=_dl_cache_libcmp
357 18 1 1 0 0 0 0 0 0
358 101 1 1 9 0 0 0 0 0
360 135 0 0 0 0 0 0 0 0
362 47 1 1 0 0 0 0 0 0
368 4 0 0 0 0 0 0 0 0
369 3 0 0 0 0 0 0 0 0
370 40 0 0 37 0 0 0 0 0
372 40 0 0 37 0 0 0 0 0
374 2 0 0 0 0 0 0 0 0
380 88 0 0 0 0 0 0 0 0
382 88 0 0 0 0 0 0 0 0
383 24 1 1 8 0 0 0 0 0
386 36 0 0 0 0 0 0 0 0
387 36 0 0 0 0 0 0 0 0
390 12 0 0 10 9 9 0 0 0
fn=_dl_load_cache_lookup
191 16 0 0 0 0 0 0 0 0
205 1 0 0 1 0 0 0 0 0
208 8 2 2 1 0 0 3 0 0
210 10 0 0 3 0 0 3 0 0
211 2 1 1 0 0 0 0 0 0
213 5 0 0 0 0 0 1 0 0
220 19 0 0 1 0 0 0 0 0
222 50 1 1 2 0 0 3 1 1
223 16 0 0 8 7 7 0 0 0
227 24 1 1 8 0 0 0 0 0
231 24 0 0 8 0 0 8 0 0
232 16 0 0 0 0 0 0 0 0
240 4 0 0 0 0 0 0 0 0
242 2 0 0 1 0 0 0 0 0
245 2 0 0 0 0 0 0 0 0
247 6 0 0 0 0 0 1 0 0
249 1 0 0 0 0 0 0 0 0
259 2 0 0 1 0 0 0 0 0
269 3 1 1 2 0 0 0 0 0
270 4 0 0 1 0 0 0 0 0
286 7 1 1 0 0 0 0 0 0
295 2 0 0 1 0 0 0 0 0
298 2 0 0 1 0 0 0 0 0
301 1 0 0 0 0 0 0 0 0
302 3 1 1 1 0 0 0 0 0
330 2 0 0 0 0 0 1 0 0
346 7 0 0 0 0 0 0 0 0
347 6 1 1 0 0 0 0 0 0
349 1 0 0 0 0 0 0 0 0
403 10 1 1 0 0 0 7 2 2
405 2 0 0 1 0 0 0 0 0
408 3 1 1 1 0 0 0 0 0
411 5 1 1 0 0 0 1 1 1
419 5 1 1 1 0 0 0 0 0
420 8 1 1 3 1 1 0 0 0
423 6 1 1 0 0 0 0 0 0
424 1 0 0 1 0 0 0 0 0
431 1 1 1 0 0 0 1 0 0
432 2 0 0 0 0 0 1 0 0
482 3 0 0 1 0 0 0 0 0
485 3 0 0 1 0 0 1 0 0
500 2 0 0 1 0 0 0 0 0
512 3 0 0 1 0 0 1 0 0
513 15 1 1 1 0 0 0 0 0
514 4 1 1 1 0 0 1 1 1
515 1 0 0 0 0 0 1 0 0
516 8 0 0 7 0 0 0 0 0
fn=_dl_unload_cache
525 3 1 1 0 0 0 1 0 0
526 4 0 0 1 1 0 0 0 0
528 2 0 0 1 0 0 1 0 0
529 1 0 0 0 0 0 1 0 0
533 1 0 0 0 0 0 1 0 0
535 2 1 1 2 0 0 0 0 0
fl=./elf/./elf/dl-call-libc-early-init.c
fn=_dl_call_libc_early_init
27 7 1 1 0 0 0 3 0 0
29 2 0 0 0 0 0 0 0 0
33 5 0 0 0 0 0 1 0 0
37 2 0 0 0 0 0 0 0 0
39 4 1 1 3 0 0 0 0 0
40 2 0 0 0 0 0 0 0 0
41 3 0 0 3 0 0 0 0 0
fl=./elf/./elf/dl-call_fini.c
fn=_dl_call_fini
24 32 1 1 0 0 0 16 0 0
28 8 0 0 4 1 0 0 0 0
32 4 1 1 4 0 0 0 0 0
34 4 0 0 4 4 0 0 0 0
35 8 0 0 0 0 0 0 0 0
38 4 0 0 4 2 0 0 0 0
39 6 0 0 4 1 0 0 0 0
42 16 0 0 0 0 0 0 0 0
43 2 0 0 2 2 0 2 0 0
47 4 1 1 4 4 0 0 0 0
48 8 0 0 0 0 0 0 0 0
49 6 0 0 4 1 0 0 0 0
50 22 0 0 18 0 0 0 0 0
fl=./elf/./elf/dl-catch.c
fn=_dl_catch_error
254 12 1 1 0 0 0 4 0 0
256 2 0 0 0 0 0 1 0 0
257 2 0 0 1 0 0 1 0 0
258 2 0 0 1 0 0 1 0 0
259 2 0 0 1 0 0 1 0 0
261 6 1 1 5 0 0 0 0 0
fn=_dl_catch_exception
58 9 0 0 3 1 1 0 0 0
59 6 1 1 3 0 0 3 0 0
69 6 0 0 3 0 0 0 0 0
70 15 0 0 3 0 0 6 0 0
204 24 1 1 0 0 0 15 2 2
207 6 0 0 0 0 0 0 0 0
214 3 0 0 0 0 0 0 0 0
228 3 1 1 0 0 0 3 2 2
229 6 0 0 0 0 0 3 0 0
235 18 1 1 0 0 0 3 0 0
237 9 0 0 6 0 0 3 0 0
239 12 0 0 3 0 0 6 0 0
248 9 0 0 9 0 0 0 0 0
fn=_dl_receive_error
58 2 1 1 1 0 0 0 0 0
59 1 0 0 1 0 0 0 0 0
69 2 0 0 1 0 0 0 0 0
70 2 0 0 0 0 0 2 0 0
186 7 1 1 0 0 0 3 0 0
188 1 0 0 1 0 0 0 0 0
192 1 0 0 0 0 0 1 0 0
194 1 0 0 0 0 0 1 0 0
197 1 0 0 0 0 0 1 0 0
198 4 0 0 4 0 0 0 0 0
fl=./elf/./elf/dl-debug.c
fn=_dl_debug_initialize
56 3 1 1 0 0 0 0 0 0
57 1 1 1 0 0 0 0 0 0
59 2 0 0 0 0 0 0 0 0
61 2 0 0 0 0 0 0 0 0
63 3 0 0 1 1 1 0 0 0
64 1 0 0 0 0 0 1 0 0
85 3 0 0 1 0 0 0 0 0
90 3 1 1 1 1 1 1 0 0
91 2 0 0 0 0 0 1 0 0
92 1 0 0 0 0 0 1 0 0
95 3 0 0 2 0 0 0 0 0
96 6 1 1 1 0 0 1 0 0
99 2 0 0 0 0 0 0 0 0
107 2 0 0 1 0 0 0 0 0
fn=_dl_debug_state
116 2 1 1 0 0 0 0 0 0
117 2 0 0 2 0 0 0 0 0
fn=_dl_debug_update
38 3 0 0 0 0 0 0 0 0
40 6 0 0 0 0 0 0 0 0
41 3 0 0 0 0 0 0 0 0
44 6 1 1 3 1 0 0 0 0
48 3 0 0 3 0 0 0 0 0
fl=./elf/./elf/dl-deps.c
fn=_dl_map_object_deps
128 3 0 0 0 0 0 2 1 1
129 5 1 1 0 0 0 2 0 0
130 6 0 0 0 0 0 1 0 0
132 3 0 0 0 0 0 1 0 0
136 8 1 1 2 0 0 2 0 0
143 13 1 1 0 0 0 8 1 1
144 20 2 2 1 1 1 0 0 0
160 9 1 1 0 0 0 0 0 0
161 1 0 0 1 0 0 0 0 0
164 1 1 1 0 0 0 1 0 0
182 1 0 0 1 0 0 0 0 0
183 6 0 0 4 0 0 0 0 0
184 1 0 0 0 0 0 1 0 0
188 9 0 0 4 0 0 1 0 0
190 12 1 1 0 0 0 6 0 0
193 4 0 0 0 0 0 4 0 0
197 12 1 1 4 0 0 0 0 0
198 25 1 1 11 0 0 0 0 0
201 8 0 0 2 0 0 0 0 0
205 4 0 0 2 0 0 0 0 0
208 16 0 0 8 1 1 0 0 0
210 8 1 1 6 0 0 0 0 0
215 2 1 1 0 0 0 2 1 1
216 2 0 0 0 0 0 2 0 0
217 4 0 0 2 0 0 2 0 0
218 4 0 0 2 0 0 2 0 0
219 2 0 0 0 0 0 2 0 0
221 226 0 0 61 0 0 0 0 0
222 106 0 0 0 0 0 0 0 0
228 23 1 1 4 0 0 6 1 1
230 2 0 0 0 0 0 2 0 0
232 8 1 1 0 0 0 2 0 0
233 4 0 0 2 0 0 0 0 0
242 2 0 0 2 0 0 0 0 0
244 4 1 1 2 0 0 0 0 0
249 14 1 1 2 0 0 0 0 0
252 2 0 0 0 0 0 2 0 0
253 2 0 0 0 0 0 2 0 0
254 2 0 0 0 0 0 2 0 0
255 4 0 0 2 0 0 2 0 0
256 2 0 0 0 0 0 2 0 0
257 2 0 0 2 0 0 0 0 0
259 8 0 0 2 0 0 2 0 0
263 6 0 0 2 0 0 0 0 0
264 3 0 0 0 0 0 1 0 0
266 153 1 1 0 0 0 0 0 0
417 8 1 1 0 0 0 0 0 0
419 10 0 0 0 0 0 6 0 0
422 4 0 0 0 0 0 0 0 0
423 8 1 1 4 0 0 0 0 0
429 2 0 0 0 0 0 2 0 0
430 10 0 0 0 0 0 4 0 0
431 10 0 0 0 0 0 2 0 0
434 2 0 0 0 0 0 2 0 0
435 4 0 0 4 0 0 0 0 0
439 12 1 1 4 0 0 0 0 0
441 4 0 0 4 0 0 0 0 0
442 17 0 0 3 0 0 0 0 0
448 5 1 1 1 0 0 0 0 0
449 1 0 0 0 0 0 1 0 0
452 4 0 0 1 0 0 1 0 0
463 5 1 1 1 0 0 2 0 0
465 4 0 0 2 0 0 0 0 0
470 5 1 1 2 0 0 1 0 0
471 1 0 0 0 0 0 1 0 0
472 2 0 0 0 0 0 0 0 0
474 16 0 0 4 0 0 0 0 0
478 4 1 1 4 0 0 0 0 0
483 8 0 0 0 0 0 0 0 0
485 12 0 0 0 0 0 4 1 1
490 4 0 0 4 0 0 0 0 0
494 2 1 1 0 0 0 0 0 0
495 3 0 0 1 0 0 0 0 0
532 2 1 1 0 0 0 0 0 0
533 2 0 0 0 0 0 0 0 0
547 9 1 1 2 0 0 3 0 0
552 9 1 1 1 0 0 2 0 0
553 5 1 1 2 0 0 1 0 0
557 1 0 0 0 0 0 1 0 0
559 2 0 0 1 0 0 1 0 0
560 1 0 0 1 0 0 0 0 0
561 3 0 0 1 0 0 0 0 0
568 3 1 1 1 0 0 0 0 0
571 2 0 0 0 0 0 0 0 0
574 8 0 0 7 0 0 0 0 0
fn=openaux
61 12 0 0 0 0 0 4 1 1
64 22 0 0 8 0 0 4 0 0
65 2 0 0 2 0 0 0 0 0
68 2 1 1 2 0 0 0 0 0
69 6 0 0 6 0 0 0 0 0
fl=./elf/./elf/dl-environ.c
fn=_dl_next_ld_env_entry
28 2 1 1 0 0 0 0 0 0
29 2 0 0 2 0 0 0 0 0
32 181 0 0 61 0 0 0 0 0
34 118 0 0 59 0 0 0 0 0
35 14 0 0 7 0 0 0 0 0
37 1 0 0 0 0 0 0 0 0
40 2 0 0 0 0 0 1 0 0
42 1 0 0 1 0 0 0 0 0
45 58 0 0 0 0 0 0 0 0
fl=./elf/./elf/dl-find_object.c
fn=_dl_find_object_init
561 5 1 1 0 0 0 3 0 0
564 1 0 0 1 1 0 0 0 0
566 2 0 0 1 0 0 0 0 0
567 3 1 1 0 0 0 1 0 0
579 2 1 1 0 0 0 1 0 0
580 3 0 0 1 0 0 1 0 0
582 2 0 0 0 0 0 0 0 0
585 2 0 0 0 0 0 0 0 0
590 1 1 1 0 0 0 1 0 0
591 1 0 0 0 0 0 1 0 0
594 3 0 0 1 0 0 0 0 0
596 2 1 1 0 0 0 1 0 0
599 6 1 1 3 0 0 1 0 0
601 1 0 0 0 0 0 0 0 0
604 4 0 0 4 0 0 0 0 0
fn=_dlfo_process_initial
474 8 0 0 0 0 0 4 0 0
475 2 0 0 2 0 0 0 0 0
477 2 0 0 0 0 0 0 0 0
478 4 1 1 2 0 0 0 0 0
504 24 1 1 4 1 0 0 0 0
505 22 0 0 2 0 0 0 0 0
506 8 0 0 8 0 0 0 0 0
508 28 1 1 6 0 0 0 0 0
511 24 0 0 6 0 0 0 0 0
513 18 1 1 6 1 1 0 0 0
515 6 0 0 0 0 0 3 0 0
516 6 0 0 0 0 0 0 0 0
517 12 0 0 0 0 0 0 0 0
529 2 0 0 0 0 0 2 0 0
531 8 0 0 6 0 0 0 0 0
fn=_dlfo_sort_mappings
536 1 1 1 0 0 0 0 0 0
537 2 0 0 0 0 0 0 0 0
540 12 1 1 2 0 0 0 0 0
544 4 0 0 2 0 0 0 0 0
545 19 1 1 0 0 0 0 0 0
546 15 0 0 3 0 0 0 0 0
548 2 0 0 0 0 0 0 0 0
549 2 0 0 0 0 0 0 0 0
553 8 0 0 4 0 0 0 0 0
554 10 0 0 4 0 0 4 0 0
555 4 0 0 0 0 0 4 0 0
557 1 0 0 1 0 0 0 0 0
fl=./elf/./elf/dl-fini.c
fn=_dl_fini
26 11 1 1 0 0 0 7 1 0
43 1 0 0 0 0 0 0 0 0
46 13 1 1 1 1 0 0 0 0
49 2 0 0 1 1 0 1 0 0
51 1 1 1 1 1 0 0 0 0
54 2 0 0 0 0 0 0 0 0
56 5 0 0 2 1 0 0 0 0
61 1 0 0 0 0 0 1 0 0
63 4 0 0 0 0 0 2 0 0
68 18 3 3 2 0 0 0 0 0
73 16 0 0 5 1 0 0 0 0
75 8 0 0 4 4 0 0 0 0
77 8 0 0 0 0 0 0 0 0
79 8 0 0 0 0 0 4 0 0
80 4 0 0 0 0 0 4 4 0
81 4 0 0 0 0 0 0 0 0
85 4 1 1 4 3 0 0 0 0
87 6 0 0 0 0 0 0 0 0
88 6 0 0 0 0 0 0 0 0
94 6 1 1 0 0 0 2 0 0
103 2 0 0 1 0 0 1 0 0
108 26 1 1 9 0 0 0 0 0
110 4 0 0 4 0 0 0 0 0
112 8 0 0 4 0 0 0 0 0
114 16 1 1 0 0 0 12 0 0
117 8 0 0 0 0 0 4 0 0
122 4 0 0 4 0 0 0 0 0
126 5 0 0 1 0 0 1 0 0
132 6 0 0 2 0 0 1 0 0
134 1 0 0 0 0 0 0 0 0
138 2 0 0 1 0 0 0 0 0
145 8 0 0 7 0 0 0 0 0
fl=./elf/./elf/dl-hwcaps.c
fn=_dl_important_hwcaps
52 16 1 1 0 0 0 4 0 0
54 2 0 0 0 0 0 0 0 0
55 4 0 0 2 0 0 0 0 0
56 2 0 0 0 0 0 0 0 0
57 2 0 0 0 0 0 0 0 0
77 16 2 2 0 0 0 4 0 0
80 16 0 0 4 0 0 6 1 1
84 2 0 0 0 0 0 2 0 0
86 6 0 0 2 0 0 2 0 0
87 2 0 0 0 0 0 0 0 0
88 2 0 0 0 0 0 0 0 0
100 5 0 0 0 0 0 3 1 1
102 3 1 1 1 0 0 0 0 0
105 1 0 0 0 0 0 1 0 0
108 1 0 0 0 0 0 0 0 0
112 5 1 1 0 0 0 2 0 0
125 12 0 0 0 0 0 3 0 0
127 10 0 0 4 0 0 2 1 1
128 4 0 0 2 0 0 2 0 0
129 4 0 0 0 0 0 2 0 0
130 2 0 0 0 0 0 0 0 0
133 3 1 1 1 0 0 0 0 0
142 13 0 0 7 0 0 1 0 0
143 11 0 0 0 0 0 1 0 0
145 8 1 1 1 0 0 5 0 0
151 5 1 1 2 0 0 0 0 0
155 4 1 1 2 0 0 1 0 0
156 3 0 0 1 0 0 0 0 0
157 3 0 0 0 0 0 0 0 0
161 1 0 0 1 0 0 0 0 0
162 2 0 0 1 0 0 1 0 0
163 2 0 0 0 0 0 2 0 0
172 14 2 2 0 0 0 9 2 2
174 2 0 0 0 0 0 2 1 1
175 3 0 0 0 0 0 0 0 0
185 2 1 1 0 0 0 1 0 0
186 3 0 0 0 0 0 0 0 0
189 3 0 0 1 0 0 1 1 1
193 2 0 0 1 0 0 0 0 0
194 2 0 0 0 0 0 0 0 0
201 1 0 0 0 0 0 0 0 0
202 5 0 0 2 0 0 1 0 0
208 2 0 0 1 0 0 1 0 0
209 1 0 0 0 0 0 1 0 0
213 3 1 1 2 0 0 1 0 0
216 9 0 0 7 0 0 0 0 0
fl=./elf/./elf/dl-hwcaps_split.c
fn=_dl_hwcaps_split
25 5 1 1 0 0 0 3 0 0
26 3 0 0 1 0 0 0 0 0
27 1 0 0 0 0 0 0 0 0
47 4 1 1 4 0 0 0 0 0
fn=_dl_hwcaps_split_masked
26 44 1 1 11 0 0 0 0 0
30 24 1 1 12 0 0 12 0 0
34 78 1 1 18 1 1 0 0 0
35 12 0 0 0 0 0 6 0 0
36 24 0 0 0 0 0 0 0 0
41 36 0 0 0 0 0 9 1 1
42 18 0 0 0 0 0 0 0 0
43 12 1 1 0 0 0 3 0 0
45 6 0 0 0 0 0 0 0 0
51 110 1 1 0 0 0 66 0 0
55 5 0 0 0 0 0 0 0 0
56 18 0 0 9 0 0 9 0 0
57 27 0 0 0 0 0 9 0 0
58 24 0 0 6 0 0 0 0 0
60 6 0 0 0 0 0 0 0 0
62 88 1 1 77 0 0 0 0 0
67 12 0 0 0 0 0 0 0 0
fl=./elf/./elf/dl-init.c
fn=_dl_init
29 10 1 1 5 0 0 0 0 0
35 25 1 1 5 0 0 0 0 0
37 26 1 1 1 0 0 2 0 0
81 13 1 1 0 0 0 6 0 0
82 1 0 0 1 1 0 0 0 0
83 1 0 0 1 0 0 0 0 0
86 3 0 0 1 0 0 0 0 0
89 2 0 0 0 0 0 1 0 0
94 4 1 1 0 0 0 0 0 0
119 1 0 0 1 0 0 0 0 0
120 20 0 0 0 0 0 3 0 0
121 8 0 0 8 0 0 0 0 0
127 8 0 0 7 0 0 0 0 0
fn=call_init.part.0
26 48 2 2 0 0 0 24 1 0
43 12 0 0 4 0 0 4 0 0
46 12 0 0 8 3 0 0 0 0
47 2 1 1 0 0 0 0 0 0
51 6 0 0 3 0 0 0 0 0
59 9 1 1 3 3 0 0 0 0
60 6 0 0 2 0 0 1 0 0
63 3 0 0 3 1 0 0 0 0
64 6 0 0 0 0 0 0 0 0
70 6 0 0 4 2 0 0 0 0
72 4 0 0 4 0 0 0 0 0
73 22 1 1 0 0 0 0 0 0
74 12 0 0 3 0 0 3 0 0
76 32 0 0 28 0 0 0 0 0
fl=./elf/./elf/dl-load.c
fn=_dl_dst_count
238 18 1 1 0 0 0 12 0 0
241 4 0 0 0 0 0 2 1 1
244 4 0 0 0 0 0 0 0 0
245 2 0 0 0 0 0 0 0 0
264 18 1 1 14 0 0 0 0 0
fn=_dl_init_paths
706 13 2 2 0 0 0 8 0 0
720 4 0 0 0 0 0 2 1 1
725 1 0 0 0 0 0 1 0 0
727 3 1 1 0 0 0 0 0 0
734 3 0 0 0 0 0 0 0 0
735 2 0 0 1 0 0 0 0 0
739 4 0 0 0 0 0 1 1 1
741 4 1 1 2 0 0 0 0 0
747 1 0 0 0 0 0 1 0 0
748 1 0 0 0 0 0 1 0 0
756 8 1 1 0 0 0 4 0 0
758 8 0 0 0 0 0 4 2 2
759 4 0 0 0 0 0 4 0 0
761 5 0 0 0 0 0 4 1 1
762 7 0 0 3 1 1 4 1 1
763 4 0 0 0 0 0 0 0 0
766 13 0 0 3 1 1 0 0 0
767 10 1 1 1 0 0 1 0 0
768 18 0 0 4 0 0 5 0 0
770 32 2 2 6 0 0 5 0 0
776 1 0 0 0 0 0 1 0 0
777 1 0 0 0 0 0 1 0 0
782 1 0 0 1 0 0 0 0 0
785 3 0 0 0 0 0 0 0 0
787 4 1 1 1 0 0 0 0 0
789 3 0 0 1 0 0 0 0 0
806 1 0 0 0 0 0 1 0 0
808 3 1 1 1 0 0 0 0 0
822 2 1 1 0 0 0 1 0 0
825 3 1 1 1 0 0 0 0 0
856 1 0 0 0 0 0 1 0 0
857 8 1 1 7 0 0 0 0 0
fn=_dl_map_object
682 10 2 2 3 0 0 0 0 0
696 5 1 1 0 0 0 3 0 0
1967 36 2 2 0 0 0 27 4 4
1969 2 0 0 0 0 0 2 0 0
1975 6 0 0 0 0 0 0 0 0
1976 12 0 0 3 1 1 0 0 0
1979 51 1 1 9 0 0 6 0 0
1984 49 1 1 14 0 0 0 0 0
1986 35 0 0 0 0 0 7 2 2
1990 12 0 0 6 0 0 0 0 0
1991 18 0 0 6 0 0 0 0 0
1994 10 0 0 6 0 0 0 0 0
1995 6 1 1 2 0 0 0 0 0
1996 10 0 0 0 0 0 2 0 0
2010 8 1 1 2 0 0 0 0 0
2011 6 0 0 2 0 0 2 0 0
2019 6 0 0 2 0 0 0 0 0
2034 2 0 0 0 0 0 2 1 1
2036 10 0 0 0 0 0 2 0 0
2040 4 2 2 0 0 0 2 0 0
2042 2 0 0 1 0 0 0 0 0
2049 4 0 0 1 0 0 0 0 0
2053 1 1 1 1 0 0 0 0 0
2054 1 0 0 0 0 0 1 0 0
2058 3 1 1 1 0 0 0 0 0
2059 1 0 0 0 0 0 0 0 0
2073 5 2 2 4 0 0 0 0 0
2074 7 2 2 2 0 0 0 0 0
2075 1 0 0 0 0 0 0 0 0
2084 2 1 1 0 0 0 0 0 0
2099 2 1 1 1 0 0 0 0 0
2106 2 1 1 0 0 0 0 0 0
2107 1 0 0 0 0 0 0 0 0
2115 1 1 1 0 0 0 1 0 0
2129 2 0 0 1 0 0 0 0 0
2131 3 0 0 1 0 0 0 0 0
2135 3 1 1 0 0 0 1 0 0
2137 2 0 0 0 0 0 0 0 0
2141 2 0 0 0 0 0 0 0 0
2149 2 0 0 1 0 0 0 0 0
2172 9 1 1 0 0 0 2 0 0
2176 3 0 0 1 0 0 0 0 0
2177 1 0 0 0 0 0 1 0 0
2194 2 0 0 1 0 0 0 0 0
2200 1 0 0 0 0 0 1 0 0
2201 4 0 0 0 0 0 1 0 0
2202 2 1 1 0 0 0 0 0 0
2203 2 0 0 0 0 0 0 0 0
2207 9 1 1 0 0 0 2 0 0
2210 3 0 0 1 0 0 0 0 0
2222 8 1 1 2 0 0 0 0 0
2267 4 0 0 2 0 0 2 0 0
2268 34 1 1 7 0 0 10 0 0
2270 29 1 1 23 0 0 0 0 0
fn=_dl_map_object_from_fd
944 28 2 2 0 0 0 20 2 2
959 8 0 0 2 0 0 2 0 0
989 29 1 1 9 0 0 0 0 0
990 10 1 1 5 0 0 0 0 0
1008 4 1 1 2 0 0 0 0 0
1036 8 1 1 2 0 0 2 0 0
1046 4 0 0 2 0 0 0 0 0
1053 16 1 1 10 0 0 2 0 0
1054 4 0 0 0 0 0 0 0 0
1065 4 0 0 2 0 0 2 2 2
1066 6 0 0 2 0 0 2 0 0
1067 4 0 0 2 0 0 2 0 0
1069 6 0 0 0 0 0 0 0 0
1070 8 1 1 4 0 0 0 0 0
1071 2 0 0 0 0 0 1 0 0
1074 17 2 2 1 0 0 1 0 0
1075 6 0 0 1 0 0 1 1 1
1086 2 0 0 0 0 0 2 0 0
1088 2 0 0 0 0 0 2 0 0
1090 44 2 2 4 0 0 2 0 0
1091 2 0 0 0 0 0 0 0 0
1092 2 0 0 0 0 0 2 0 0
1093 2 0 0 0 0 0 2 0 0
1094 2 0 0 0 0 0 0 0 0
1100 87 0 0 4 0 0 0 0 0
1101 213 3 3 25 9 9 0 0 0
1107 4 1 1 2 1 1 0 0 0
1114 5 0 0 3 0 0 2 0 0
1115 6 0 0 2 1 1 2 0 0
1116 20 1 1 4 0 0 2 0 0
1121 2 0 0 1 0 0 1 0 0
1122 1 0 0 0 0 0 0 0 0
1127 62 0 0 26 3 3 2 0 0
1135 40 1 1 8 0 0 0 0 0
1136 52 1 1 0 0 0 8 2 2
1137 40 1 1 8 3 3 8 0 0
1138 8 0 0 0 0 0 8 0 0
1139 16 0 0 8 0 0 8 1 1
1141 56 0 0 8 0 0 0 0 0
1143 16 0 0 0 0 0 8 0 0
1156 16 0 0 0 0 0 0 0 0
1157 30 0 0 12 0 0 6 0 0
1162 8 0 0 0 0 0 0 0 0
1163 82 0 0 16 0 0 16 1 1
1176 3 1 1 1 0 0 0 0 0
1180 4 0 0 0 0 0 1 1 1
1181 1 0 0 1 0 0 0 0 0
1185 5 0 0 0 0 0 1 1 1
1186 2 1 1 1 0 0 1 0 0
1189 1 0 0 0 0 0 1 0 0
1194 4 0 0 1 0 0 0 0 0
1209 4 1 1 2 0 0 2 0 0
1210 2 0 0 0 0 0 0 0 0
1213 6 0 0 4 1 1 2 1 1
1218 14 1 1 10 0 0 0 0 0
1228 38 1 1 0 0 0 0 0 0
1229 16 0 0 0 0 0 8 0 0
1235 4 0 0 0 0 0 0 0 0
1245 8 0 0 4 0 0 0 0 0
1252 14 1 1 6 0 0 2 0 0
1264 2 1 1 0 0 0 0 0 0
1268 8 1 1 4 0 0 0 0 0
1269 6 0 0 2 0 0 2 0 0
1275 4 0 0 0 0 0 0 0 0
1276 4 1 1 0 0 0 0 0 0
1278 4 0 0 0 0 0 0 0 0
1288 6 0 0 2 0 0 0 0 0
1307 6 0 0 2 0 0 2 0 0
1309 12 1 1 4 0 0 0 0 0
1361 6 0 0 2 1 1 0 0 0
1362 2 0 0 1 0 0 1 0 0
1368 70 1 1 6 0 0 0 0 0
1369 117 1 1 25 21 21 0 0 0
1375 33 0 0 0 0 0 2 0 0
1380 8 1 1 2 0 0 2 0 0
1393 4 1 1 2 0 0 0 0 0
1395 8 0 0 4 0 0 2 0 0
1397 4 0 0 2 0 0 0 0 0
1413 4 0 0 0 0 0 2 0 0
1417 4 0 0 2 0 0 0 0 0
1418 4 1 1 2 0 0 0 0 0
1435 4 0 0 2 0 0 0 0 0
1436 1 0 0 0 0 0 1 0 0
1439 4 0 0 2 0 0 2 0 0
1444 4 0 0 2 0 0 0 0 0
1449 4 0 0 2 0 0 0 0 0
1461 16 1 1 6 0 0 0 0 0
1462 6 1 1 2 0 0 0 0 0
1463 9 1 1 3 0 0 1 0 0
1464 3 0 0 1 0 0 0 0 0
1465 5 0 0 1 0 0 1 0 0
1471 4 0 0 2 0 0 0 0 0
1472 4 0 0 1 0 0 0 0 0
1477 2 0 0 0 0 0 1 0 0
1484 6 1 1 2 0 0 2 0 0
1487 4 0 0 2 0 0 0 0 0
1491 6 0 0 2 0 0 2 0 0
1492 6 0 0 2 0 0 0 0 0
1510 4 1 1 0 0 0 0 0 0
1514 14 1 1 6 0 0 0 0 0
1515 8 1 1 2 0 0 2 0 0
1519 18 1 1 14 0 0 0 0 0
fn=_dl_process_pt_gnu_property
868 9 1 1 0 0 0 0 0 0
869 6 0 0 6 0 0 0 0 0
870 3 0 0 3 0 0 0 0 0
876 6 0 0 3 0 0 0 0 0
882 15 0 0 0 0 0 0 0 0
885 9 1 1 3 2 2 0 0 0
886 6 0 0 3 1 1 0 0 0
887 6 0 0 3 0 0 0 0 0
890 9 0 0 3 0 0 0 0 0
891 9 1 1 0 0 0 0 0 0
895 3 0 0 0 0 0 0 0 0
896 6 0 0 0 0 0 0 0 0
900 10 1 1 5 0 0 0 0 0
901 5 0 0 5 0 0 0 0 0
904 10 0 0 0 0 0 0 0 0
907 5 0 0 0 0 0 0 0 0
908 20 0 0 0 0 0 0 0 0
918 9 0 0 0 0 0 0 0 0
920 12 0 0 0 0 0 0 0 0
fn=expand_dynamic_string_token
241 3 0 0 0 0 0 1 1 1
244 2 0 0 0 0 0 0 0 0
385 10 1 1 0 0 0 6 0 0
399 2 0 0 0 0 0 0 0 0
410 7 1 1 6 0 0 0 0 0
fn=open_verify.constprop.0
1572 24 1 1 0 0 0 16 0 0
1604 6 0 0 2 0 0 0 0 0
1623 10 0 0 0 0 0 2 0 0
1625 4 1 1 0 0 0 0 0 0
1633 2 0 0 0 0 0 2 0 0
1634 6 0 0 0 0 0 2 0 0
1639 12 0 0 0 0 0 2 0 0
1641 4 1 1 0 0 0 0 0 0
1643 4 0 0 2 0 0 2 0 0
1645 4 0 0 0 0 0 0 0 0
1651 4 0 0 0 0 0 0 0 0
1668 29 4 4 9 1 1 0 0 0
1749 4 0 0 2 0 0 0 0 0
1754 4 1 1 2 0 0 0 0 0
1760 8 0 0 2 0 0 0 0 0
1766 4 0 0 2 1 1 0 0 0
1772 8 0 0 2 0 0 0 0 0
1773 8 1 1 2 0 0 0 0 0
1777 16 3 3 1 0 0 0 0 0
1778 5 0 0 0 0 0 1 1 1
1799 18 0 0 14 0 0 0 0 0
fl=./elf/./elf/dl-lookup-direct.c
fn=_dl_lookup_direct
32 15 0 0 9 0 0 0 0 0
33 9 1 1 0 0 0 0 0 0
35 6 0 0 3 3 3 0 0 0
36 6 0 0 3 0 0 0 0 0
48 9 0 0 3 0 0 3 0 0
51 6 0 0 6 0 0 0 0 0
53 21 1 1 6 0 0 6 0 0
57 9 0 0 9 1 1 0 0 0
58 21 0 0 9 0 0 0 0 0
59 15 0 0 6 0 0 3 0 0
74 39 2 2 0 0 0 27 0 0
76 6 0 0 3 0 0 0 0 0
78 21 0 0 9 0 0 0 0 0
79 6 0 0 0 0 0 0 0 0
81 12 1 1 3 0 0 3 0 0
84 25 0 0 5 2 1 0 0 0
86 12 0 0 3 0 0 0 0 0
93 6 2 2 0 0 0 0 0 0
115 3 0 0 0 0 0 0 0 0
116 27 0 0 21 0 0 0 0 0
fl=./elf/./elf/dl-lookup.c
fn=_dl_lookup_symbol_x
772 1248 2 2 0 0 0 864 2 2
774 192 0 0 0 0 0 96 0 0
775 384 0 0 0 0 0 96 0 0
778 96 0 0 96 0 0 0 0 0
782 366 0 0 87 0 0 0 0 0
785 192 1 1 96 0 0 0 0 0
787 192 0 0 192 1 0 0 0 0
791 1379 0 0 7 0 0 288 0 0
792 1632 2 2 672 0 0 672 1 1
797 480 0 0 192 0 0 0 0 0
799 42 1 1 7 0 0 0 0 0
816 96 0 0 0 0 0 96 0 0
817 21 1 1 0 0 0 0 0 0
820 192 0 0 96 0 0 0 0 0
821 607 0 0 85 0 0 0 0 0
828 117 1 1 89 0 0 0 0 0
856 356 1 1 89 0 0 0 0 0
870 267 0 0 89 1 1 0 0 0
871 2 1 1 0 0 0 1 0 0
873 178 0 0 89 0 0 0 0 0
890 356 0 0 89 0 0 0 0 0
892 864 1 1 672 0 0 0 0 0
fn=check_match
70 1365 1 1 182 17 15 546 1 1
73 728 1 1 182 8 7 0 0 0
78 4 0 0 0 0 0 0 0 0
86 445 0 0 0 0 0 0 0 0
89 340 0 0 54 0 0 27 0 0
93 89 1 1 89 0 0 0 0 0
94 178 0 0 0 0 0 0 0 0
96 174 0 0 0 0 0 0 0 0
115 174 0 0 174 0 0 0 0 0
116 696 1 1 261 1 0 0 0 0
117 435 2 2 174 0 0 87 0 0
144 4 0 0 0 0 0 0 0 0
146 12 0 0 4 2 2 0 0 0
147 8 0 0 0 0 0 0 0 0
161 89 0 0 0 0 0 0 0 0
162 728 0 0 637 0 0 0 0 0
fn=do_lookup_x
347 1344 2 2 192 0 0 960 2 2
348 96 0 0 96 0 0 0 0 0
353 96 0 0 0 0 0 0 0 0
354 96 0 0 96 0 0 0 0 0
358 632 1 1 632 0 0 0 0 0
361 632 0 0 0 0 0 0 0 0
365 824 0 0 96 0 0 0 0 0
386 632 1 1 316 0 0 0 0 0
390 632 0 0 316 0 0 0 0 0
396 948 0 0 316 1 0 0 0 0
400 316 0 0 0 0 0 316 0 0
401 316 0 0 0 0 0 316 0 0
404 1580 0 0 948 0 0 0 0 0
405 948 1 1 632 0 0 0 0 0
408 316 0 0 316 0 0 0 0 0
409 632 0 0 0 0 0 0 0 0
411 316 0 0 316 52 51 0 0 0
412 288 0 0 0 0 0 96 0 0
413 632 0 0 632 0 0 0 0 0
415 672 1 1 96 0 0 192 0 0
416 1264 0 0 632 0 0 0 0 0
419 2212 0 0 316 0 0 0 0 0
422 182 0 0 182 40 40 0 0 0
423 273 1 1 91 0 0 0 0 0
424 182 0 0 0 0 0 0 0 0
426 182 0 0 91 0 0 0 0 0
429 1010 1 1 202 63 62 0 0 0
431 273 0 0 91 0 0 0 0 0
432 2275 2 2 637 0 0 1183 2 2
433 182 0 0 0 0 0 0 0 0
436 273 0 0 0 0 0 0 0 0
439 343 0 0 2 0 0 0 0 0
461 712 1 1 534 0 0 0 0 0
470 16 2 2 14 0 0 0 0 0
476 178 1 1 0 0 0 0 0 0
483 692 0 0 89 0 0 0 0 0
487 15 1 1 5 0 0 0 0 0
499 178 0 0 89 0 0 89 0 0
500 89 0 0 0 0 0 89 0 0
501 89 0 0 0 0 0 0 0 0
518 681 0 0 0 0 0 0 0 0
521 7 0 0 0 0 0 0 0 0
522 768 1 1 672 0 0 0 0 0
fl=./elf/./elf/dl-minimal-malloc.c
fn=__minimal_calloc
80 40 1 1 0 0 0 0 0 0
84 8 0 0 0 0 0 0 0 0
87 8 0 0 0 0 0 0 0 0
88 24 0 0 0 0 0 0 0 0
fn=__minimal_malloc
36 168 2 2 0 0 0 84 1 1
37 63 0 0 21 1 1 0 0 0
42 3 1 1 0 0 0 1 0 0
43 2 1 1 1 0 0 0 0 0
44 2 0 0 0 0 0 0 0 0
48 83 0 0 20 0 0 21 0 0
51 139 0 0 0 0 0 0 0 0
56 8 0 0 2 0 0 0 0 0
57 8 0 0 0 0 0 0 0 0
59 2 1 1 0 0 0 0 0 0
60 16 0 0 0 0 0 2 0 0
62 4 0 0 0 0 0 0 0 0
64 8 0 0 0 0 0 2 0 0
65 6 0 0 2 0 0 0 0 0
67 6 0 0 0 0 0 2 0 0
70 21 1 1 0 0 0 21 0 0
71 23 0 0 0 0 0 21 0 0
73 126 0 0 105 0 0 0 0 0
fl=./elf/./elf/dl-minimal.c
fn=__rtld_malloc_init_real
76 10 1 1 0 0 0 6 0 0
86 2 1 1 0 0 0 1 0 0
87 1 0 0 0 0 0 1 0 0
89 1 0 0 0 0 0 1 0 0
91 6 1 1 0 0 0 1 0 0
92 5 0 0 0 0 0 1 0 0
93 5 0 0 0 0 0 1 0 0
94 4 1 1 0 0 0 1 0 0
99 1 0 0 0 0 0 1 0 0
100 1 0 0 0 0 0 1 0 0
101 1 0 0 0 0 0 1 0 0
102 1 0 0 0 0 0 1 0 0
103 8 0 0 7 0 0 0 0 0
fn=__rtld_malloc_init_stubs
42 1 1 1 0 0 0 0 0 0
43 2 1 1 0 0 0 1 1 1
44 2 0 0 0 0 0 1 0 0
45 2 0 0 0 0 0 1 0 0
46 2 0 0 0 0 0 1 0 0
47 1 0 0 1 0 0 0 0 0
fn=lookup_malloc_symbol
61 36 1 1 0 0 0 16 0 0
63 4 0 0 0 0 0 4 0 0
64 28 0 0 4 0 0 12 0 0
68 28 1 1 16 0 0 0 0 0
69 28 0 0 12 0 0 0 0 0
71 4 0 0 0 0 0 4 0 0
72 24 0 0 20 0 0 0 0 0
fl=./elf/./elf/dl-misc.c
fn=_dl_name_match_p
68 98 1 1 0 0 0 42 0 0
69 56 0 0 14 0 0 14 0 0
70 3 0 0 0 0 0 0 0 0
72 14 0 0 14 0 0 0 0 0
74 58 0 0 0 0 0 0 0 0
75 90 1 1 18 0 0 18 0 0
80 15 0 0 15 0 0 0 0 0
82 11 0 0 0 0 0 0 0 0
83 56 0 0 56 0 0 0 0 0
fn=_dl_sysdep_read_whole_file
36 11 1 1 0 0 0 5 0 0
39 3 0 0 0 0 0 1 1 1
40 2 1 1 0 0 0 0 0 0
42 6 0 0 0 0 0 1 0 0
44 2 0 0 1 1 1 1 0 0
47 2 1 1 0 0 0 0 0 0
49 8 0 0 0 0 0 1 0 0
60 3 0 0 0 0 0 1 0 0
63 8 0 0 6 0 0 0 0 0
fl=./elf/./elf/dl-object.c
fn=_dl_add_to_namespace_list
31 27 1 1 0 0 0 12 1 1
33 9 0 0 3 0 0 3 0 0
35 26 1 1 3 0 0 0 0 0
38 20 0 0 5 0 0 0 0 0
40 2 0 0 0 0 0 2 0 0
42 2 0 0 0 0 0 2 0 0
45 2 1 1 0 0 0 1 0 0
46 9 0 0 3 0 0 0 0 0
47 6 0 0 3 0 0 3 0 0
48 6 0 0 0 0 0 3 0 0
50 6 0 0 3 0 0 0 0 0
51 15 0 0 12 0 0 0 0 0
fn=_dl_new_object
59 45 1 1 0 0 0 30 2 2
62 6 0 0 0 0 0 0 0 0
64 2 1 1 0 0 0 0 0 0
66 3 1 1 1 0 0 0 0 0
67 2 0 0 0 0 0 0 0 0
71 6 0 0 0 0 0 2 0 0
77 2 1 1 0 0 0 0 0 0
80 4 0 0 2 0 0 0 0 0
83 11 1 1 0 0 0 7 1 1
87 4 0 0 0 0 0 0 0 0
92 2 0 0 0 0 0 0 0 0
95 6 0 0 0 0 0 0 0 0
98 3 0 0 0 0 0 3 3 3
99 3 0 0 0 0 0 3 3 3
100 6 0 0 3 0 0 0 0 0
103 6 0 0 0 0 0 3 0 0
104 21 1 1 9 0 0 9 0 0
106 3 1 1 0 0 0 3 0 0
119 13 0 0 8 0 0 0 0 0
123 2 0 0 0 0 0 0 0 0
125 1 0 0 0 0 0 0 0 0
127 21 0 0 6 3 3 6 0 0
130 6 0 0 3 0 0 0 0 0
131 6 1 1 0 0 0 3 3 3
132 3 1 1 0 0 0 3 0 0
136 3 0 0 0 0 0 3 0 0
139 34 0 0 0 0 0 0 0 0
141 20 1 1 0 0 0 16 4 4
149 6 1 1 0 0 0 3 0 0
150 3 0 0 0 0 0 3 3 3
153 1 0 0 0 0 0 0 0 0
155 18 0 0 3 1 1 0 0 0
157 8 0 0 0 0 0 2 2 2
160 8 1 1 0 0 0 0 0 0
164 8 0 0 2 0 0 0 0 0
168 14 1 1 2 0 0 0 0 0
176 1 1 1 0 0 0 1 0 0
179 6 0 0 0 0 0 3 0 0
189 12 0 0 6 0 0 0 0 0
191 8 0 0 0 0 0 4 0 0
195 6 0 0 0 0 0 0 0 0
199 4 0 0 0 0 0 0 0 0
200 4 0 0 0 0 0 0 0 0
208 2 0 0 0 0 0 0 0 0
212 2 1 1 0 0 0 0 0 0
245 8 0 0 4 0 0 2 0 0
250 84 0 0 0 0 0 0 0 0
251 84 0 0 42 0 0 0 0 0
255 4 0 0 0 0 0 0 0 0
256 2 0 0 0 0 0 2 0 0
259 2 0 0 0 0 0 2 0 0
263 27 1 1 21 0 0 0 0 0
fl=./elf/./elf/dl-reloc.c
fn=_dl_relocate_object
170 644 1 1 161 68 68 0 0 0
171 198 1 1 0 0 0 0 0 0
174 1023 1 1 99 2 0 0 0 0
175 84 2 2 7 0 0 0 0 0
177 7 0 0 7 0 0 0 0 0
178 28 1 1 7 0 0 7 0 0
182 184 0 0 0 0 0 0 0 0
183 92 0 0 0 0 0 92 0 0
184 92 0 0 0 0 0 92 0 0
186 742 2 2 368 0 0 6 0 0
187 430 1 1 86 0 0 86 0 0
188 172 0 0 0 0 0 0 0 0
190 699 2 2 184 0 0 300 0 0
193 92 0 0 92 0 0 0 0 0
194 644 1 1 276 0 0 92 0 0
196 7 1 1 7 0 0 0 0 0
207 55 1 1 0 0 0 40 0 0
208 10 0 0 5 0 0 0 0 0
220 8 0 0 0 0 0 0 0 0
221 12 0 0 0 0 0 4 0 0
224 16 1 1 0 0 0 4 0 0
226 12 0 0 0 0 0 0 0 0
228 4 0 0 4 0 0 0 0 0
229 12 0 0 4 0 0 0 0 0
251 20 2 2 8 0 0 0 0 0
252 8 1 1 4 3 0 0 0 0
253 2 0 0 0 0 0 0 0 0
255 8 0 0 0 0 0 0 0 0
262 12 1 1 4 1 0 0 0 0
301 10010 8 8 1156 212 201 24 0 0
304 20 0 0 8 0 0 0 0 0
328 4 0 0 4 0 0 0 0 0
331 8 0 0 0 0 0 0 0 0
348 12 0 0 4 3 0 0 0 0
350 40 0 0 35 1 0 0 0 0
356 24 1 1 12 0 0 0 0 0
359 8 0 0 0 0 0 0 0 0
363 8 1 1 0 0 0 0 0 0
364 24 0 0 0 0 0 4 0 0
fl=./elf/./elf/dl-setup_hash.c
fn=_dl_setup_hash
25 8 1 1 0 0 0 0 0 0
28 12 1 1 4 0 0 0 0 0
31 12 0 0 8 0 0 0 0 0
32 8 0 0 4 3 3 4 1 1
33 4 0 0 4 0 0 0 0 0
34 4 0 0 4 0 0 0 0 0
36 12 0 0 0 0 0 0 0 0
37 4 0 0 0 0 0 4 0 0
38 12 1 1 4 0 0 4 0 0
40 4 0 0 0 0 0 4 0 0
41 8 0 0 0 0 0 0 0 0
43 4 0 0 0 0 0 4 0 0
45 12 0 0 0 0 0 4 0 0
50 4 0 0 4 0 0 0 0 0
fl=./elf/./elf/dl-sort-maps.c
fn=_dl_sort_maps
140 40 0 0 8 0 0 8 0 0
181 2 0 0 0 0 0 2 0 0
182 4 0 0 2 0 0 0 0 0
183 34 0 0 0 0 0 0 0 0
184 16 1 1 16 0 0 0 0 0
211 34 2 2 2 1 0 0 0 0
216 4 0 0 0 0 0 2 0 0
218 2 0 0 0 0 0 2 0 0
219 10 0 0 0 0 0 0 0 0
221 26 1 1 0 0 0 0 0 0
223 8 0 0 8 0 0 0 0 0
226 24 0 0 8 0 0 0 0 0
244 8 1 1 2 0 0 0 0 0
263 8 1 1 0 0 0 2 0 0
276 8 1 1 2 0 0 0 0 0
283 2 1 1 0 0 0 0 0 0
298 26 0 0 0 0 0 14 1 0
306 6 1 1 2 1 0 0 0 0
310 18 2 2 14 0 0 0 0 0
fn=_dl_sort_maps_init
289 4 2 2 0 0 0 1 0 0
290 4 0 0 0 0 0 1 0 0
291 1 0 0 0 0 0 1 0 0
292 3 0 0 1 0 0 0 0 0
293 2 0 0 2 0 0 0 0 0
fn=dfs_traversal.part.0
135 72 1 1 0 0 0 40 1 0
140 20 0 0 10 0 0 0 0 0
143 8 0 0 8 0 0 0 0 0
145 24 0 0 8 2 0 0 0 0
147 60 0 0 15 3 0 0 0 0
156 28 2 2 4 0 0 0 0 0
171 24 0 0 8 0 0 8 0 0
172 8 0 0 0 0 0 8 0 0
173 48 0 0 48 0 0 0 0 0
fl=./elf/./elf/dl-tunables.c
fn=__GI___tunable_set_val
72 50 1 1 5 0 0 0 0 0
82 5 0 0 5 0 0 0 0 0
93 40 1 1 10 0 0 0 0 0
94 25 0 0 10 0 0 0 0 0
97 10 0 0 0 0 0 0 0 0
100 35 0 0 0 0 0 0 0 0
104 10 0 0 0 0 0 0 0 0
111 10 0 0 0 0 0 0 0 0
112 10 0 0 0 0 0 0 0 0
115 25 1 1 0 0 0 5 0 0
116 5 0 0 0 0 0 5 0 0
117 5 0 0 0 0 0 5 0 0
118 5 0 0 0 0 0 5 0 0
153 30 1 1 0 0 0 10 0 0
157 15 0 0 15 0 0 0 0 0
fn=__GI___tunables_init
42 300 1 1 60 0 0 0 0 0
45 59 0 0 0 0 0 0 0 0
48 5999 0 0 857 37 37 0 0 0
52 118 0 0 0 0 0 0 0 0
56 236 1 1 0 0 0 0 0 0
128 1 0 0 0 0 0 0 0 0
261 10 2 2 0 0 0 6 0 0
267 4 0 0 1 0 0 0 0 0
281 9676 0 0 0 0 0 0 0 0
283 2 0 0 0 0 0 0 0 0
287 17523 1 1 4838 41 41 0 0 0
304 8 1 1 7 0 0 0 0 0
fn=__tunable_get_val
387 48 1 1 0 0 0 0 0 0
390 282 1 1 24 23 21 0 0 0
399 33 0 0 21 4 0 12 0 0
400 12 0 0 0 0 0 0 0 0
409 18 1 1 0 0 0 12 0 0
416 144 0 0 24 2 0 0 0 0
418 24 0 0 24 0 0 0 0 0
fl=./elf/./elf/dl-tunables.h
fn=__GI___tunable_set_val
141 10 0 0 0 0 0 0 0 0
142 10 1 1 0 0 0 0 0 0
151 5 0 0 0 0 0 0 0 0
fn=__GI___tunables_init
160 976 1 1 699 1 1 0 0 0
161 2649 0 0 0 0 0 0 0 0
fl=./elf/./elf/dl-version.c
fn=_dl_check_all_versions
392 7 1 1 0 0 0 5 0 0
394 1 0 0 0 0 0 0 0 0
396 17 0 0 4 0 0 0 0 0
397 4 0 0 0 0 0 0 0 0
398 36 1 1 4 0 0 4 0 0
401 7 0 0 6 0 0 0 0 0
fn=_dl_check_map_versions
36 26 0 0 4 0 0 0 0 0
37 5 0 0 5 0 0 0 0 0
38 37 1 1 0 0 0 7 0 0
56 20 0 0 15 0 0 0 0 0
64 15 0 0 5 0 0 0 0 0
70 15 1 1 5 0 0 0 0 0
86 5 0 0 5 0 0 0 0 0
87 10 0 0 0 0 0 0 0 0
89 5 0 0 5 0 0 0 0 0
94 123 0 0 49 13 13 15 0 0
108 98 0 0 49 4 4 0 0 0
110 5 1 1 5 1 1 0 0 0
113 40 1 1 15 0 0 10 0 0
120 132 1 1 44 6 6 0 0 0
124 44 0 0 0 0 0 0 0 0
155 40 0 0 0 0 0 24 0 0
156 4 0 0 0 0 0 4 0 0
164 6 1 1 0 0 0 4 0 0
170 12 0 0 4 0 0 0 0 0
172 20 1 1 8 0 0 0 0 0
174 4 0 0 4 0 0 0 0 0
175 4 0 0 4 0 0 0 0 0
177 8 0 0 0 0 0 0 0 0
180 6 1 1 4 0 0 0 0 0
184 16 0 0 2 2 2 10 0 0
200 6 1 1 4 0 0 0 0 0
208 6 0 0 2 0 0 0 0 0
213 6 0 0 2 0 0 0 0 0
215 3 0 0 0 0 0 0 0 0
217 20 1 1 10 1 1 5 0 0
218 40 1 1 29 0 0 0 0 0
221 10 0 0 5 0 0 5 0 0
224 15 0 0 10 0 0 0 0 0
228 4 1 1 2 0 0 2 0 0
231 20 0 0 5 0 0 0 0 0
234 15 0 0 5 0 0 0 0 0
239 3 0 0 0 0 0 0 0 0
243 6 0 0 2 0 0 0 0 0
257 15 2 2 6 0 0 0 0 0
260 4 0 0 4 0 0 0 0 0
263 198 0 0 50 2 2 2 0 0
266 148 0 0 48 1 1 2 0 0
270 46 0 0 0 0 0 0 0 0
274 9 1 1 3 0 0 0 0 0
279 3 0 0 0 0 0 3 0 0
280 12 1 1 3 0 0 3 0 0
281 9 0 0 3 0 0 0 0 0
291 3 0 0 0 0 0 3 0 0
294 17 0 0 10 0 0 3 0 0
296 6 0 0 0 0 0 0 0 0
299 8 1 1 4 0 0 0 0 0
303 6 0 0 2 0 0 0 0 0
306 15 1 1 5 0 0 0 0 0
308 20 0 0 0 0 0 0 0 0
310 25 0 0 5 0 0 5 0 0
311 10 0 0 0 0 0 5 2 2
312 15 0 0 5 0 0 5 1 1
313 15 0 0 5 0 0 5 1 1
316 15 0 0 5 0 0 0 0 0
321 3 0 0 0 0 0 0 0 0
324 6 0 0 2 0 0 0 0 0
334 6 1 1 0 0 0 0 0 0
337 4 0 0 2 0 0 0 0 0
341 46 0 0 46 0 0 0 0 0
343 96 0 0 48 0 0 0 0 0
347 46 0 0 46 0 0 0 0 0
348 230 0 0 46 0 0 46 12 12
349 138 0 0 46 0 0 46 0 0
350 46 0 0 0 0 0 46 6 6
353 144 0 0 48 0 0 0 0 0
357 46 0 0 0 0 0 0 0 0
365 4 0 0 0 0 0 0 0 0
366 4 1 1 2 0 0 0 0 0
367 4 0 0 2 0 0 0 0 0
368 2 0 0 1 0 0 0 0 0
370 4 1 1 3 0 0 0 0 0
372 124 0 0 32 0 0 0 0 0
373 60 1 1 0 0 0 0 0 0
375 2 0 0 1 0 0 0 0 0
376 7 0 0 0 0 0 1 0 0
387 36 1 1 32 0 0 0 0 0
fl=./elf/./elf/do-rel.h
fn=_dl_relocate_object
49 24 1 1 8 0 0 0 0 0
50 24 0 0 8 0 0 8 0 0
51 4 0 0 4 0 0 0 0 0
53 40 0 0 16 0 0 0 0 0
72 3 0 0 0 0 0 0 0 0
73 4 1 1 0 0 0 4 0 0
80 24 0 0 8 0 0 0 0 0
114 24 1 1 0 0 0 0 0 0
123 36 0 0 0 0 0 0 0 0
124 12 0 0 6 3 2 0 0 0
126 24 1 1 8 3 0 0 0 0
129 24 0 0 12 1 0 6 0 0
131 650 1 1 170 0 0 0 0 0
133 775 0 0 465 97 95 0 0 0
134 620 0 0 155 0 0 155 0 0
135 465 0 0 310 0 0 155 0 0
136 620 0 0 155 0 0 0 0 0
138 465 1 1 0 0 0 0 0 0
141 188 0 0 47 0 0 47 0 0
142 47 1 1 0 0 0 47 0 0
143 47 0 0 0 0 0 0 0 0
147 108 0 0 0 0 0 108 0 0
150 340 1 1 108 0 0 0 0 0
151 48 2 2 16 1 0 0 0 0
164 12 1 1 6 0 0 0 0 0
165 211 0 0 6 0 0 4 0 0
166 189 1 1 63 0 0 0 0 0
169 141 0 0 94 0 0 0 0 0
171 188 0 0 47 0 0 47 0 0
172 47 0 0 47 0 0 0 0 0
173 94 0 0 47 0 0 0 0 0
180 31 1 1 9 0 0 0 0 0
182 42 1 1 12 2 2 6 0 0
183 12 0 0 12 0 0 0 0 0
185 18 0 0 0 0 0 0 0 0
193 6 0 0 0 0 0 6 0 0
196 18 0 0 6 0 0 0 0 0
211 7 1 1 4 0 0 0 0 0
fn=_dl_start
49 6 0 0 2 0 0 0 0 0
50 4 0 0 2 0 0 0 0 0
51 1 0 0 1 0 0 0 0 0
53 10 1 1 4 0 0 0 0 0
56 4 0 0 0 0 0 0 0 0
61 13 1 1 0 0 0 0 0 0
63 9 1 1 3 1 1 0 0 0
64 6 0 0 0 0 0 0 0 0
65 3 0 0 3 0 0 0 0 0
fl=./elf/./elf/get-dynamic-info.h
fn=_dl_map_object_from_fd
39 4 0 0 0 0 0 0 0 0
43 2 0 0 0 0 0 0 0 0
45 194 0 0 49 13 13 0 0 0
49 94 0 0 0 0 0 0 0 0
51 26 1 1 0 0 0 0 0 0
52 13 0 0 0 0 0 0 0 0
53 3 0 0 0 0 0 0 0 0
54 42 1 1 0 0 0 0 0 0
55 34 0 0 0 0 0 0 0 0
56 10 1 1 0 0 0 0 0 0
59 8 1 1 0 0 0 0 0 0
62 8 0 0 0 0 0 0 0 0
64 8 0 0 0 0 0 0 0 0
68 47 0 0 0 0 0 47 12 12
72 8 0 0 2 0 0 0 0 0
84 7 1 1 3 0 0 0 0 0
85 8 0 0 4 0 0 0 0 0
86 8 0 0 4 0 0 0 0 0
87 8 0 0 4 0 0 0 0 0
88 7 0 0 3 1 1 0 0 0
89 7 1 1 3 1 1 0 0 0
90 7 0 0 3 1 1 0 0 0
91 8 0 0 4 0 0 0 0 0
103 16 1 1 4 0 0 2 0 0
110 7 0 0 2 0 0 0 0 0
115 2 0 0 1 0 0 0 0 0
122 2 0 0 1 0 0 0 0 0
123 6 1 1 4 0 0 0 0 0
129 6 0 0 2 0 0 0 0 0
130 3 0 0 2 0 0 0 0 0
147 6 0 0 2 0 0 0 0 0
152 2 0 0 1 0 0 1 0 0
154 2 0 0 0 0 0 0 0 0
156 2 0 0 0 0 0 0 0 0
158 2 0 0 0 0 0 0 0 0
159 2 0 0 0 0 0 1 0 0
162 6 1 1 2 0 0 0 0 0
164 6 1 1 2 0 0 2 0 0
165 4 0 0 0 0 0 0 0 0
174 4 0 0 2 0 0 0 0 0
175 6 1 1 0 0 0 0 0 0
180 4 0 0 0 0 0 0 0 0
181 3 0 0 1 0 0 1 0 0
184 4 0 0 2 0 0 0 0 0
fl=./elf/./elf/libc_early_init.c
fn=__libc_early_init
33 9 1 1 1 0 0 3 0 0
35 1 0 0 0 0 0 1 0 0
38 2 0 0 1 0 0 1 1 1
41 2 0 0 0 0 0 2 1 1
47 4 0 0 2 0 0 0 0 0
49 2 0 0 2 0 0 0 0 0
fl=./elf/./elf/rtld.c
fn=_dl_start
85 8 0 0 0 0 0 2 1 1
458 2 0 0 0 0 0 1 0 0
476 3 0 0 0 0 0 1 0 0
477 1 0 0 0 0 0 1 0 0
478 2 0 0 1 0 0 1 1 1
488 1 0 0 0 0 0 1 0 0
494 4 1 1 1 0 0 1 0 0
496 2 0 0 1 0 0 0 0 0
517 16 2 2 0 0 0 8 2 2
543 1 0 0 0 0 0 1 1 1
546 2 1 1 0 0 0 1 1 1
547 4 0 0 1 1 1 0 0 0
563 190 5 5 24 5 5 5 0 0
565 1 0 0 1 0 0 0 0 0
578 1 1 1 0 0 0 1 0 0
585 9 1 1 7 1 0 0 0 0
fn=dl_main
85 17 2 2 0 0 0 1 0 0
92 12 1 1 0 0 0 0 0 0
93 2 0 0 0 0 0 1 0 0
101 9 0 0 4 0 0 0 0 0
197 2 0 0 0 0 0 1 0 0
199 1 0 0 0 0 0 1 0 0
224 3 0 0 3 0 0 0 0 0
225 5 0 0 3 0 0 0 0 0
226 4 1 1 0 0 0 0 0 0
296 3 1 1 0 0 0 3 0 0
302 1 0 0 0 0 0 1 0 0
303 1 0 0 0 0 0 1 0 0
837 1 0 0 1 0 0 0 0 0
839 1 0 0 0 0 0 1 0 0
848 1 1 1 0 0 0 1 0 0
850 1 0 0 0 0 0 1 0 0
855 1 0 0 0 0 0 1 0 0
1115 1 0 0 1 0 0 0 0 0
1116 1 1 1 1 0 0 0 0 0
1118 1 0 0 0 0 0 1 0 0
1122 3 0 0 2 1 1 1 1 1
1124 1 0 0 1 0 0 0 0 0
1125 1 0 0 1 0 0 0 0 0
1140 1 0 0 0 0 0 0 0 0
1143 46 4 4 0 0 0 0 0 0
1144 117 1 1 22 7 7 0 0 0
1148 3 1 1 1 0 0 1 0 0
1153 3 0 0 2 0 0 1 0 0
1154 9 1 1 2 0 0 1 0 0
1163 2 0 0 0 0 0 1 0 0
1164 2 0 0 2 1 1 0 0 0
1166 1 0 0 0 0 0 1 0 0
1173 3 1 1 1 0 0 0 0 0
1191 2 0 0 0 0 0 1 0 0
1199 8 0 0 4 0 0 0 0 0
1200 17 0 0 5 1 1 0 0 0
1201 8 0 0 4 0 0 0 0 0
1202 1 0 0 0 0 0 1 0 0
1204 12 0 0 4 0 0 0 0 0
1205 14 0 0 0 0 0 0 0 0
1209 8 0 0 4 3 3 0 0 0
1210 8 0 0 4 0 0 0 0 0
1211 4 0 0 0 0 0 4 0 0
1215 12 0 0 0 0 0 0 0 0
1243 2 1 1 1 0 0 1 1 1
1247 3 0 0 2 1 1 1 0 0
1253 28 0 0 1 0 0 0 0 0
1254 61 0 0 13 0 0 0 0 0
1260 17 0 0 0 0 0 1 0 0
1266 4 0 0 2 1 1 0 0 0
1269 3 1 1 2 0 0 0 0 0
1271 3 0 0 1 0 0 0 0 0
1346 13 2 2 0 0 0 9 1 1
1351 1 0 0 0 0 0 0 0 0
1352 1 0 0 0 0 0 1 0 0
1357 1 0 0 0 0 0 1 1 1
1373 3 0 0 2 0 0 1 0 0
1374 4 1 1 2 0 0 0 0 0
1637 10 1 1 0 0 0 3 0 0
1639 2 0 0 0 0 0 0 0 0
1640 3 1 1 0 0 0 1 0 0
1641 2 0 0 1 0 0 1 0 0
1642 3 0 0 2 0 0 1 0 0
1646 2 0 0 0 0 0 1 0 0
1647 2 0 0 1 0 0 0 0 0
1672 3 1 1 1 0 0 0 0 0
1673 5 0 0 1 0 0 1 0 0
1674 3 0 0 2 0 0 0 0 0
1675 3 0 0 3 0 0 0 0 0
1678 1 0 0 0 0 0 1 0 0
1680 1 1 1 0 0 0 1 1 1
1681 1 0 0 0 0 0 1 0 0
1683 2 0 0 1 0 0 0 0 0
1684 2 0 0 0 0 0 1 0 0
1688 2 0 0 1 0 0 0 0 0
1690 2 1 1 0 0 0 0 0 0
1698 4 0 0 2 0 0 0 0 0
1705 2 1 1 1 0 0 1 0 0
1708 2 1 1 1 0 0 0 0 0
1733 4 1 1 1 0 0 1 0 0
1735 1 0 0 0 0 0 1 0 0
1740 2 0 0 1 0 0 0 0 0
1743 4 1 1 2 0 0 1 0 0
1744 4 0 0 1 0 0 1 0 0
1745 3 1 1 2 0 0 1 0 0
1746 1 0 0 0 0 0 1 0 0
1747 1 0 0 1 0 0 0 0 0
1748 1 0 0 1 0 0 0 0 0
1759 2 0 0 1 1 1 0 0 0
1760 2 0 0 1 0 0 0 0 0
1762 2 1 1 1 0 0 0 0 0
1764 1 0 0 0 0 0 1 0 0
1765 3 0 0 1 0 0 1 0 0
1770 5 1 1 0 0 0 0 0 0
1771 5 0 0 1 1 1 0 0 0
1773 3 2 2 2 1 1 1 1 1
1779 2 0 0 1 1 1 0 0 0
1788 2 1 1 1 0 0 0 0 0
1792 1 0 0 0 0 0 0 0 0
1793 2 0 0 1 0 0 0 0 0
1817 2 1 1 0 0 0 2 0 0
1823 1 0 0 0 0 0 1 0 0
1824 1 0 0 0 0 0 1 0 0
1825 1 0 0 0 0 0 0 0 0
1829 3 0 0 1 0 0 1 0 0
1834 3 1 1 2 0 0 0 0 0
1836 1 0 0 0 0 0 0 0 0
1838 2 0 0 1 0 0 0 0 0
1842 5 1 1 2 0 0 1 0 0
1847 2 0 0 1 0 0 0 0 0
1863 6 1 1 0 0 0 1 0 0
1939 4 0 0 2 0 0 0 0 0
1943 19 2 2 1 0 0 0 0 0
1944 1 0 0 0 0 0 0 0 0
1947 3 0 0 0 0 0 1 0 0
1948 1 1 1 1 0 0 0 0 0
1949 2 0 0 0 0 0 0 0 0
1950 2 0 0 0 0 0 0 0 0
1955 3 0 0 1 0 0 0 0 0
1965 9 1 1 2 0 0 1 0 0
1971 19 1 1 1 0 0 0 0 0
1972 12 0 0 9 0 0 0 0 0
1975 3 0 0 2 0 0 1 0 0
1976 2 1 1 0 0 0 0 0 0
1977 1 0 0 0 0 0 1 0 0
1979 14 0 0 1 0 0 0 0 0
1980 6 0 0 3 0 0 0 0 0
1984 2 1 1 0 0 0 0 0 0
1990 1 1 1 0 0 0 1 0 0
1992 3 0 0 1 0 0 1 0 0
1993 2 0 0 0 0 0 0 0 0
1995 2 0 0 0 0 0 1 0 0
1997 3 0 0 0 0 0 0 0 0
1999 3 1 1 1 0 0 0 0 0
2000 1 0 0 1 0 0 0 0 0
2001 2 0 0 0 0 0 0 0 0
2013 2 0 0 0 0 0 0 0 0
2014 2 0 0 1 0 0 1 0 0
2015 3 0 0 1 0 0 0 0 0
2026 5 0 0 1 0 0 1 0 0
2027 4 0 0 0 0 0 1 0 0
2028 5 1 1 0 0 0 1 0 0
2038 2 0 0 1 0 0 1 0 0
2039 2 0 0 1 0 0 0 0 0
2040 4 1 1 0 0 0 2 0 0
2042 2 0 0 0 0 0 0 0 0
2047 3 0 0 1 0 0 0 0 0
2246 3 0 0 1 0 0 1 0 0
2250 3 0 0 1 0 0 2 0 0
2256 2 1 1 1 0 0 1 0 0
2259 2 0 0 1 0 0 0 0 0
2267 2 0 0 2 0 0 0 0 0
2279 3 1 1 1 0 0 0 0 0
2282 3 0 0 1 0 0 1 0 0
2284 3 0 0 1 0 0 0 0 0
2285 6 0 0 1 0 0 1 0 0
2292 2 0 0 2 1 0 0 0 0
2293 21 0 0 3 0 0 1 0 0
2295 8 1 1 8 2 0 0 0 0
2300 8 0 0 8 3 0 0 0 0
2302 10 0 0 0 0 0 0 0 0
2304 1 1 1 0 0 0 1 0 0
2305 1 0 0 1 0 0 0 0 0
2308 4 0 0 4 0 0 0 0 0
2310 8 0 0 0 0 0 0 0 0
2311 24 0 0 6 3 0 3 0 0
2315 10 1 1 5 2 0 0 0 0
2316 3 0 0 0 0 0 1 0 0
2325 2 0 0 1 0 0 0 0 0
2329 4 0 0 2 0 0 0 0 0
2331 1 0 0 1 0 0 0 0 0
2338 4 1 1 1 0 0 1 0 0
2341 2 0 0 1 0 0 0 0 0
2345 3 1 1 2 0 0 0 0 0
2347 2 0 0 1 0 0 0 0 0
2357 1 1 1 0 0 0 1 0 0
2362 3 0 0 1 0 0 1 0 0
2365 1 0 0 0 0 0 1 0 0
2371 1 0 0 1 0 0 0 0 0
2372 5 1 1 2 0 0 1 0 0
2380 3 0 0 1 0 0 1 0 0
2387 1 0 0 0 0 0 1 0 0
2390 3 0 0 0 0 0 1 0 0
2394 3 0 0 0 0 0 1 0 0
2395 1 0 0 0 0 0 1 1 0
2396 1 0 0 0 0 0 1 0 0
2397 1 0 0 0 0 0 0 0 0
2401 1 0 0 0 0 0 1 0 0
2406 8 0 0 7 2 0 0 0 0
2538 1 0 0 1 0 0 0 0 0
2598 1 0 0 0 0 0 1 1 1
2600 2 0 0 0 0 0 0 0 0
2602 10 1 1 0 0 0 2 0 0
2604 1 0 0 0 0 0 0 0 0
2606 41 0 0 8 0 0 0 0 0
2607 7 0 0 0 0 0 0 0 0
2615 7 1 1 1 1 1 0 0 0
2640 2 1 1 1 0 0 0 0 0
2650 4 1 1 2 0 0 0 0 0
2652 2 0 0 0 0 0 1 0 0
2653 1 0 0 0 0 0 0 0 0
2727 5 0 0 1 0 0 0 0 0
2749 3 0 0 1 0 0 0 0 0
fn=handle_preload_list
183 3 0 0 1 0 0 0 0 0
806 1 0 0 0 0 0 1 0 0
810 2 0 0 0 0 0 1 0 0
811 2 0 0 1 0 0 1 0 0
812 1 0 0 0 0 0 1 0 0
814 1 0 0 1 0 0 0 0 0
816 6 1 1 0 0 0 1 0 0
817 3 0 0 1 0 0 0 0 0
825 3 0 0 1 0 0 0 0 0
869 13 2 2 1 1 1 8 1 1
870 3 0 0 0 0 0 0 0 0
874 5 0 0 2 0 0 0 0 0
877 4 1 1 0 0 0 1 0 0
878 3 0 0 0 0 0 0 0 0
880 4 1 1 0 0 0 1 0 0
881 2 0 0 0 0 0 1 0 0
887 1 0 0 0 0 0 0 0 0
889 2 0 0 1 0 0 0 0 0
891 2 1 1 1 0 0 0 0 0
892 1 0 0 0 0 0 0 0 0
895 9 0 0 7 0 0 0 0 0
fn=init_tls
734 4 1 1 0 0 0 3 0 0
736 2 0 0 1 0 0 1 0 0
740 3 0 0 1 0 0 0 0 0
746 2 0 0 0 0 0 1 0 0
749 1 0 0 0 0 0 1 0 0
750 1 0 0 0 0 0 0 0 0
751 1 0 0 0 0 0 0 0 0
755 1 0 0 0 0 0 0 0 0
757 1 0 0 0 0 0 1 0 0
761 2 1 1 1 1 1 0 0 0
762 2 0 0 0 0 0 0 0 0
763 12 0 0 1 0 0 0 0 0
764 4 1 1 4 0 0 0 0 0
765 8 1 1 4 0 0 0 0 0
769 3 0 0 0 0 0 1 0 0
771 1 0 0 0 0 0 0 0 0
773 3 0 0 1 0 0 0 0 0
776 2 0 0 0 0 0 1 0 0
779 1 0 0 0 0 0 1 0 0
786 2 1 1 0 0 0 1 0 0
787 2 0 0 0 0 0 0 0 0
793 2 0 0 1 0 0 1 0 0
797 1 0 0 0 0 0 1 0 0
800 5 0 0 4 0 0 0 0 0
fn=map_doit
641 6 1 1 0 0 0 2 0 0
643 4 0 0 1 0 0 0 0 0
644 6 0 0 2 0 0 2 1 1
646 3 0 0 3 0 0 0 0 0
fn=version_check_doit
674 6 2 2 0 0 0 2 0 0
676 6 0 0 2 0 0 1 0 0
680 3 0 0 3 0 0 0 0 0
fl=./elf/./get-dynamic-info.h
fn=_dl_start
45 75 0 0 19 5 5 0 0 0
49 36 0 0 0 0 0 0 0 0
51 10 0 0 0 0 0 0 0 0
52 5 1 1 0 0 0 0 0 0
54 20 0 0 0 0 0 0 0 0
55 16 0 0 0 0 0 0 0 0
56 5 0 0 0 0 0 0 0 0
59 4 1 1 0 0 0 0 0 0
62 4 1 1 0 0 0 0 0 0
64 4 0 0 0 0 0 0 0 0
68 18 0 0 0 0 0 18 7 7
72 3 0 0 0 0 0 0 0 0
84 4 0 0 2 0 0 0 0 0
85 3 0 0 1 0 0 0 0 0
86 4 1 1 2 0 0 0 0 0
87 4 0 0 2 0 0 0 0 0
88 5 0 0 2 0 0 0 0 0
89 3 1 1 1 0 0 0 0 0
90 4 0 0 2 0 0 0 0 0
91 4 0 0 2 0 0 0 0 0
103 10 2 2 2 0 0 1 0 0
110 3 0 0 1 1 1 0 0 0
123 3 2 2 2 0 0 0 0 0
129 3 0 0 1 0 0 0 0 0
130 3 0 0 2 0 0 0 0 0
133 2 0 0 1 0 0 0 0 0
134 3 0 0 1 0 0 0 0 0
139 5 1 1 2 0 0 0 0 0
142 5 0 0 2 0 0 0 0 0
fn=dl_main
39 4 0 0 2 0 0 0 0 0
43 1 0 0 0 0 0 0 0 0
45 95 0 0 24 6 6 0 0 0
49 46 1 1 0 0 0 0 0 0
51 12 0 0 0 0 0 0 0 0
52 6 0 0 0 0 0 0 0 0
54 25 0 0 0 0 0 0 0 0
55 21 0 0 0 0 0 0 0 0
56 5 1 1 0 0 0 0 0 0
59 4 0 0 0 0 0 0 0 0
62 4 1 1 0 0 0 0 0 0
64 4 0 0 0 0 0 0 0 0
68 23 0 0 0 0 0 23 8 8
72 7 1 1 4 0 0 0 0 0
84 3 0 0 1 0 0 0 0 0
85 5 1 1 3 0 0 0 0 0
86 5 0 0 3 0 0 0 0 0
87 5 0 0 3 0 0 0 0 0
88 4 0 0 2 0 0 0 0 0
89 4 1 1 2 0 0 0 0 0
90 5 0 0 3 0 0 0 0 0
91 5 1 1 3 0 0 0 0 0
103 9 0 0 3 0 0 1 0 0
110 4 0 0 1 0 0 0 0 0
123 4 2 2 3 0 0 0 0 0
129 3 0 0 1 0 0 0 0 0
147 4 0 0 2 0 0 0 0 0
152 2 1 1 1 0 0 1 1 1
154 2 0 0 0 0 0 0 0 0
156 2 0 0 0 0 0 0 0 0
158 2 0 0 0 0 0 0 0 0
159 2 0 0 1 0 0 1 0 0
162 4 1 1 2 0 0 0 0 0
164 3 0 0 1 0 0 1 0 0
165 2 0 0 0 0 0 0 0 0
174 2 0 0 1 0 0 0 0 0
175 3 1 1 0 0 0 0 0 0
180 2 0 0 0 0 0 0 0 0
181 3 1 1 2 0 0 1 0 0
184 3 0 0 2 0 0 0 0 0
fl=./elf/./setup-vdso.h
fn=dl_main
24 2 0 0 1 0 0 0 0 0
fl=./io/../sysdeps/unix/sysv/linux/access.c
fn=access
25 1 0 0 0 0 0 0 0 0
27 7 0 0 0 0 0 1 0 0
31 1 0 0 1 0 0 0 0 0
fl=./io/../sysdeps/unix/sysv/linux/close_nocancel.c
fn=__GI___close_nocancel
25 3 1 1 0 0 0 0 0 0
26 12 0 0 0 0 0 0 0 0
27 3 0 0 3 0 0 0 0 0
fl=./io/../sysdeps/unix/sysv/linux/fstat64.c
fn=fstat
30 3 1 1 0 0 0 0 0 0
39 12 1 1 0 0 0 0 0 0
72 3 0 0 3 0 0 0 0 0
fl=./io/../sysdeps/unix/sysv/linux/open64_nocancel.c
fn=__open_nocancel
28 12 1 1 0 0 0 6 0 0
31 21 0 0 0 0 0 0 0 0
39 21 0 0 0 0 0 0 0 0
41 6 0 0 6 0 0 0 0 0
fl=./io/../sysdeps/unix/sysv/linux/pread64_nocancel.c
fn=__pread64_nocancel
25 4 1 1 0 0 0 0 0 0
26 8 0 0 0 0 0 0 0 0
27 2 0 0 2 0 0 0 0 0
fl=./io/../sysdeps/unix/sysv/linux/read_nocancel.c
fn=__read_nocancel
25 2 1 1 0 0 0 0 0 0
26 8 0 0 0 0 0 0 0 0
27 2 0 0 2 0 0 0 0 0
fl=./libio/./libio/genops.c
fn=_IO_cleanup
776 6 0 0 0 0 0 3 0 0
777 10 2 2 5 0 0 2 0 0
780 13 1 1 4 0 0 0 0 0
784 3 0 0 0 0 0 3 0 0
785 36 2 2 15 0 0 6 0 0
792 7 0 0 0 0 0 0 0 0
794 6 0 0 2 0 0 0 0 0
814 3 0 0 0 0 0 3 0 0
816 29 2 2 6 0 0 6 0 0
817 3 1 1 0 0 0 3 0 0
821 7 0 0 2 0 0 2 0 0
822 2 0 0 0 0 0 1 0 0
842 12 2 2 1 0 0 7 0 0
843 2 0 0 0 0 0 1 0 0
855 12 1 1 9 0 0 0 0 0
fn=_IO_flush_all
686 12 1 1 1 0 0 7 0 0
687 3 1 1 0 0 0 0 0 0
691 6 1 1 0 0 0 3 0 0
692 9 2 2 4 1 1 2 0 0
695 12 0 0 4 2 0 0 0 0
697 3 1 1 0 0 0 3 0 0
698 36 1 1 15 6 1 6 0 0
700 21 2 2 9 5 2 0 0 0
708 33 2 2 12 0 0 6 0 0
709 3 0 0 0 0 0 3 0 0
713 7 2 2 2 0 0 2 0 0
714 2 0 0 0 0 0 1 0 0
718 12 0 0 9 0 0 0 0 0
fl=./libio/./libio/libioP.h
fn=_IO_cleanup
1025 1 1 1 0 0 0 0 0 0
fn=_IO_flush_all
1025 2 0 0 0 0 0 0 0 0
fl=./libio/./libio/vtables.c
fn=check_stdfiles_vtables
545 1 1 1 0 0 0 0 0 0
546 4 0 0 2 0 0 0 0 0
547 3 1 1 2 0 0 0 0 0
548 3 0 0 2 0 0 0 0 0
550 1 0 0 1 0 0 0 0 0
fl=./malloc/./malloc/scratch_buffer_set_array_size.c
fn=__libc_scratch_buffer_set_array_size
30 26 1 1 0 0 0 8 0 0
34 2 0 0 0 0 0 0 0 0
35 4 0 0 0 0 0 0 0 0
45 4 0 0 2 0 0 0 0 0
46 2 0 0 0 0 0 0 0 0
63 12 1 1 10 0 0 0 0 0
fl=./misc/../sysdeps/unix/syscall-template.S
fn=mprotect
117 20 2 2 0 0 0 0 0 0
122 4 0 0 4 0 0 0 0 0
fn=munmap
117 5 0 0 0 0 0 0 0 0
122 1 0 0 1 0 0 0 0 0
fl=./misc/../sysdeps/unix/sysv/linux/mmap64.c
fn=mmap
47 84 1 1 0 0 0 36 1 1
50 24 0 0 0 0 0 0 0 0
53 53 1 1 2 0 0 0 0 0
58 72 0 0 0 0 0 0 0 0
60 48 0 0 48 0 0 0 0 0
fl=./misc/../sysdeps/unix/sysv/linux/setvmaname.c
fn=__set_vma_name
33 11 2 2 0 0 0 4 1 1
35 7 0 0 3 0 0 0 0 0
40 7 0 0 1 0 0 1 0 0
47 1 1 1 0 0 0 1 0 0
49 6 0 0 5 0 0 0 0 0
fl=./misc/./misc/init-misc.c
fn=__init_misc
30 5 1 1 0 0 0 3 0 0
31 6 0 0 1 0 0 0 0 0
33 3 1 1 0 0 0 1 0 0
37 5 0 0 1 0 0 1 1 0
38 3 0 0 2 0 0 1 0 0
40 4 0 0 4 0 0 0 0 0
fl=./nptl/../sysdeps/unix/sysv/linux/x86/elision-conf.c
fn=__lll_elision_init
92 8 1 1 1 0 0 3 0 0
96 5 1 1 0 0 0 1 0 0
98 4 0 0 0 0 0 1 0 0
100 4 0 0 0 0 0 1 0 0
102 4 0 0 0 0 0 1 0 0
104 4 1 1 0 0 0 1 0 0
107 3 0 0 1 1 1 0 0 0
108 1 0 0 0 0 0 1 1 1
109 6 0 0 5 0 0 0 0 0
fl=./nptl/./nptl/libc-cleanup.c
fn=__libc_cleanup_pop_restore
54 2 0 0 0 0 0 0 0 0
55 2 0 0 2 0 0 0 0 0
57 4 0 0 2 0 0 2 0 0
59 2 0 0 2 0 0 0 0 0
60 6 1 1 2 0 0 0 0 0
71 2 0 0 2 0 0 0 0 0
fn=__libc_cleanup_push_defer
24 2 1 1 0 0 0 0 0 0
25 2 0 0 2 0 0 0 0 0
27 4 0 0 2 0 0 2 0 0
29 4 0 0 2 1 0 0 0 0
32 4 0 0 0 0 0 0 0 0
46 6 1 1 0 0 0 2 0 0
48 2 0 0 0 0 0 2 0 0
49 2 0 0 2 0 0 0 0 0
fl=./nptl/./nptl/pthread_mutex_conf.c
fn=__pthread_tunables_init
55 8 1 1 1 0 0 3 0 0
56 5 1 1 0 0 0 1 0 0
58 4 0 0 0 0 0 1 0 0
60 4 0 0 0 0 0 1 0 0
62 6 1 1 5 0 0 0 0 0
fl=./nptl/./nptl/pthread_mutex_lock.c
fn=pthread_mutex_lock@@GLIBC_2.2.5
44 1 1 1 1 0 0 0 0 0
45 7 0 0 2 1 0 0 0 0
46 1 0 0 0 0 0 1 0 0
77 5 1 1 0 0 0 2 1 0
80 3 0 0 1 0 0 0 0 0
82 1 0 0 0 0 0 0 0 0
84 2 1 1 0 0 0 0 0 0
88 2 0 0 0 0 0 0 0 0
97 2 1 1 0 0 0 0 0 0
108 4 1 1 1 0 0 0 0 0
112 1 0 0 1 1 0 0 0 0
115 2 0 0 1 0 0 0 0 0
124 1 0 0 0 0 0 0 0 0
130 3 0 0 1 0 0 0 0 0
131 2 1 1 0 0 0 1 0 0
179 1 1 1 1 0 0 0 0 0
182 1 0 0 0 0 0 1 0 0
184 1 0 0 1 0 0 0 0 0
187 1 0 0 0 0 0 0 0 0
190 3 0 0 3 0 0 0 0 0
fl=./nptl/./nptl/pthread_mutex_unlock.c
fn=pthread_mutex_unlock@@GLIBC_2.2.5
39 1 0 0 1 0 0 0 0 0
40 4 0 0 1 0 0 0 0 0
41 1 0 0 0 0 0 1 0 0
51 3 0 0 1 0 0 0 0 0
52 2 1 1 0 0 0 0 0 0
57 2 0 0 0 0 0 0 0 0
62 1 0 0 0 0 0 1 0 0
65 1 0 0 1 0 0 0 0 0
70 1 0 0 0 0 0 0 0 0
72 1 0 0 0 0 0 0 0 0
74 2 1 1 0 0 0 0 0 0
80 4 1 1 1 0 0 0 0 0
84 3 0 0 2 0 0 0 0 0
87 2 0 0 1 0 0 0 0 0
367 4 1 1 0 0 0 1 0 0
369 2 0 0 2 0 0 0 0 0
fl=./posix/../malloc/dynarray-skeleton.c
fn=__unregister_atfork
243 2 0 0 2 1 1 0 0 0
fl=./posix/../sysdeps/unix/sysv/linux/_exit.c
fn=_Exit
27 2 1 1 1 1 0 0 0 0
30 4 0 0 0 0 0 0 0 0
fl=./posix/./posix/register-atfork.c
fn=__unregister_atfork
71 4 1 1 0 0 0 0 0 0
82 12 1 1 0 0 0 4 0 0
83 8 0 0 2 1 1 0 0 0
109 8 1 1 4 0 0 0 0 0
110 6 0 0 6 0 0 0 0 0
fl=./resource/../sysdeps/unix/sysv/linux/getrlimit64.c
fn=getrlimit
38 2 1 1 0 0 0 0 0 0
39 7 0 0 0 0 0 0 0 0
40 1 0 0 1 0 0 0 0 0
fl=./setjmp/../sysdeps/x86_64/bsd-_setjmp.S
fn=_setjmp
28 1 1 1 0 0 0 0 0 0
30 1 0 0 0 0 0 0 0 0
32 1 0 0 0 0 0 0 0 0
fl=./setjmp/../sysdeps/x86_64/setjmp.S
fn=__sigsetjmp
31 4 2 2 0 0 0 0 0 0
33 4 0 0 0 0 0 4 0 0
42 4 0 0 0 0 0 0 0 0
43 8 0 0 4 0 0 0 0 0
44 4 0 0 0 0 0 4 0 0
48 4 0 0 0 0 0 4 0 0
49 4 0 0 0 0 0 4 0 0
50 4 0 0 0 0 0 4 0 0
51 4 0 0 0 0 0 4 0 0
52 4 0 0 0 0 0 0 0 0
54 8 1 1 4 0 0 0 0 0
56 4 0 0 0 0 0 4 1 1
57 4 1 1 4 0 0 0 0 0
58 4 0 0 0 0 0 0 0 0
60 8 0 0 4 0 0 0 0 0
62 4 0 0 0 0 0 4 0 0
67 1 0 0 1 1 0 0 0 0
68 1 0 0 0 0 0 0 0 0
70 3 0 0 0 0 0 0 0 0
73 3 0 0 0 0 0 0 0 0
74 3 0 0 0 0 0 3 0 0
81 3 0 0 0 0 0 0 0 0
82 3 0 0 3 0 0 0 0 0
85 1 1 1 0 0 0 0 0 0
fl=./setjmp/./setjmp/sigjmp.c
fn=__sigjmp_save
28 6 0 0 0 0 0 2 0 0
29 1 0 0 0 0 0 1 0 0
30 2 0 0 0 0 0 0 0 0
34 4 0 0 3 0 0 0 0 0
fl=./stdlib/./stdlib/cxa_atexit.c
fn=__cxa_atexit
41 2 1 1 0 0 0 0 0 0
43 8 0 0 1 1 0 0 0 0
44 2 0 0 0 0 0 1 0 0
46 2 0 0 0 0 0 0 0 0
52 3 0 0 1 0 0 0 0 0
53 1 0 0 0 0 0 1 0 0
54 1 0 0 0 0 0 1 0 0
55 1 1 1 0 0 0 1 0 0
56 1 0 0 0 0 0 1 0 0
57 4 0 0 2 0 0 0 0 0
58 1 0 0 0 0 0 0 0 0
67 7 1 1 0 0 0 5 0 0
69 6 0 0 6 0 0 0 0 0
fn=__new_exitfn
80 5 1 1 0 0 0 3 0 0
81 1 0 0 0 0 0 0 0 0
86 2 0 0 1 1 1 0 0 0
91 10 0 0 2 1 0 0 0 0
93 4 1 1 1 1 0 0 0 0
101 1 0 0 0 0 0 1 0 0
122 1 0 0 0 0 0 0 0 0
123 1 1 1 0 0 0 1 0 0
134 1 0 0 0 0 0 0 0 0
136 1 1 1 0 0 0 1 0 0
137 1 0 0 1 0 0 0 0 0
141 5 0 0 4 0 0 0 0 0
fl=./stdlib/./stdlib/cxa_finalize.c
fn=__cxa_finalize
30 20 1 1 0 0 0 12 1 0
33 14 0 0 2 0 0 0 0 0
36 14 2 2 4 0 0 0 0 0
40 14 0 0 2 0 0 0 0 0
93 14 2 2 4 1 0 0 0 0
97 12 0 0 2 1 0 0 0 0
105 4 0 0 0 0 0 2 0 0
106 8 0 0 4 0 0 0 0 0
107 16 0 0 14 0 0 0 0 0
fl=./stdlib/./stdlib/cxa_thread_atexit_impl.c
fn=__call_tls_dtors
148 5 1 1 0 0 0 3 0 0
149 4 1 1 2 2 0 0 0 0
165 4 1 1 4 0 0 0 0 0
fl=./stdlib/./stdlib/exit.c
fn=__run_exit_handlers
38 12 1 1 0 0 0 8 1 0
40 2 0 0 0 0 0 0 0 0
41 2 1 1 0 0 0 1 0 0
43 5 1 1 1 1 0 0 0 0
54 2 0 0 2 1 0 0 0 0
56 2 0 0 0 0 0 0 0 0
60 1 0 0 0 0 0 1 1 0
64 6 0 0 2 1 0 0 0 0
66 2 1 1 0 0 0 1 0 0
67 1 0 0 1 0 0 0 0 0
69 7 0 0 1 0 0 0 0 0
94 2 0 0 0 0 0 0 0 0
101 1 0 0 0 0 0 1 0 0
102 1 1 1 1 0 0 0 0 0
103 1 0 0 1 0 0 0 0 0
104 3 0 0 1 1 0 0 0 0
107 4 0 0 2 0 0 0 0 0
108 3 0 0 0 0 0 1 0 0
109 4 1 1 1 0 0 0 0 0
113 3 1 1 1 0 0 0 0 0
119 3 1 1 2 0 0 1 0 0
120 2 0 0 0 0 0 0 0 0
126 4 1 1 2 0 0 0 0 0
128 2 0 0 1 0 0 0 0 0
129 2 0 0 0 0 0 1 0 0
131 2 0 0 0 0 0 1 0 0
fn=exit
137 3 1 1 0 0 0 1 0 0
138 4 0 0 0 0 0 1 0 0
fl=./string/../include/rtld-malloc.h
fn=strdup
56 4 0 0 2 0 0 2 0 0
fl=./string/../string/strcspn.c
fn=strcspn
32 6 1 1 0 0 0 2 0 0
33 3 0 0 1 1 1 0 0 0
34 2 0 0 1 0 0 0 0 0
39 6 0 0 0 0 0 4 1 1
40 4 1 1 0 0 0 4 1 1
41 4 0 0 0 0 0 4 1 1
42 4 0 0 0 0 0 4 1 1
44 1 0 0 0 0 0 0 0 0
47 9 1 1 3 0 0 3 0 0
48 6 0 0 0 0 0 0 0 0
51 4 0 0 2 0 0 0 0 0
52 4 0 0 2 0 0 0 0 0
53 4 1 1 2 0 0 0 0 0
54 4 0 0 2 0 0 0 0 0
56 3 0 0 0 0 0 0 0 0
61 14 0 0 0 0 0 0 0 0
62 28 0 0 28 1 1 0 0 0
63 28 1 1 28 0 0 0 0 0
64 28 0 0 28 0 0 0 0 0
65 14 0 0 14 0 0 0 0 0
67 84 0 0 14 0 0 0 0 0
69 1 0 0 0 0 0 0 0 0
70 4 0 0 0 0 0 0 0 0
71 3 0 0 3 0 0 0 0 0
fl=./string/../sysdeps/x86/cacheinfo.c
fn=__x86_cacheinfo
86 1 1 1 0 0 0 0 0 0
fl=./string/../sysdeps/x86/cacheinfo.h
fn=__x86_cacheinfo
59 1 0 0 1 0 0 0 0 0
62 3 1 1 1 1 0 0 0 0
64 3 0 0 0 0 0 1 0 0
65 1 0 0 0 0 0 1 1 1
71 3 0 0 1 0 0 0 0 0
73 3 1 1 0 0 0 1 0 0
74 1 0 0 0 0 0 1 0 0
78 2 0 0 1 0 0 1 1 1
80 2 0 0 1 0 0 1 0 0
81 2 0 0 1 0 0 1 0 0
82 2 0 0 1 0 0 1 0 0
84 2 1 1 1 1 0 0 0 0
86 2 0 0 1 0 0 0 0 0
fl=./string/../sysdeps/x86_64/multiarch/../multiarch/memcmp-sse2.S
fn=bcmp
59 1 1 1 0 0 0 0 0 0
71 1 0 0 0 0 0 0 0 0
72 1 0 0 0 0 0 0 0 0
94 1 0 0 0 0 0 0 0 0
95 1 0 0 0 0 0 0 0 0
140 1 1 1 1 0 0 0 0 0
141 1 0 0 1 0 0 0 0 0
143 1 0 0 0 0 0 0 0 0
144 1 0 0 0 0 0 0 0 0
146 1 0 0 1 0 0 0 0 0
147 1 0 0 1 0 0 0 0 0
149 1 0 0 0 0 0 0 0 0
150 1 0 0 0 0 0 0 0 0
197 1 0 0 0 0 0 0 0 0
198 1 0 0 0 0 0 0 0 0
199 1 0 0 0 0 0 0 0 0
200 1 0 0 0 0 0 0 0 0
201 1 0 0 0 0 0 0 0 0
202 1 0 0 1 0 0 0 0 0
fl=./string/../sysdeps/x86_64/multiarch/../multiarch/memset-vec-unaligned-erms.S
fn=memset
132 7 1 1 0 0 0 0 0 0
133 35 0 0 0 0 0 0 0 0
138 7 0 0 0 0 0 0 0 0
139 7 0 0 0 0 0 0 0 0
142 2 0 0 0 0 0 0 0 0
143 2 0 0 0 0 0 0 0 0
244 2 1 1 0 0 0 2 1 1
245 2 0 0 0 0 0 2 0 0
257 2 0 0 0 0 0 0 0 0
260 2 0 0 0 0 0 0 0 0
261 2 0 0 0 0 0 0 0 0
273 2 0 0 0 0 0 2 0 0
274 2 0 0 0 0 0 2 2 2
287 2 0 0 0 0 0 0 0 0
288 2 0 0 0 0 0 0 0 0
290 2 0 0 0 0 0 0 0 0
293 1 0 0 0 0 0 0 0 0
296 2 0 0 0 0 0 0 0 0
299 35 0 0 0 0 0 35 34 34
300 35 0 0 0 0 0 35 0 0
301 35 0 0 0 0 0 35 0 0
302 35 0 0 0 0 0 35 0 0
303 35 0 0 0 0 0 0 0 0
304 35 0 0 0 0 0 0 0 0
305 35 0 0 0 0 0 0 0 0
308 2 0 0 0 0 0 2 1 1
309 2 0 0 0 0 0 2 0 0
310 2 0 0 0 0 0 2 0 0
311 2 0 0 0 0 0 2 0 0
316 2 0 0 2 0 0 0 0 0
350 5 1 1 0 0 0 0 0 0
352 5 0 0 0 0 0 0 0 0
353 5 0 0 0 0 0 0 0 0
392 5 1 1 0 0 0 5 1 1
393 5 0 0 0 0 0 5 1 1
395 5 0 0 5 0 0 0 0 0
fl=./string/../sysdeps/x86_64/multiarch/../multiarch/strchr-sse2.S
fn=index
32 14 1 1 0 0 0 0 0 0
33 14 0 0 0 0 0 0 0 0
34 14 0 0 0 0 0 0 0 0
35 14 0 0 0 0 0 0 0 0
36 14 1 1 0 0 0 0 0 0
37 14 0 0 0 0 0 0 0 0
38 14 0 0 0 0 0 0 0 0
39 14 0 0 0 0 0 0 0 0
40 14 0 0 0 0 0 0 0 0
41 14 0 0 14 1 1 0 0 0
42 14 0 0 0 0 0 0 0 0
43 14 0 0 0 0 0 0 0 0
44 14 0 0 0 0 0 0 0 0
45 14 0 0 0 0 0 0 0 0
46 14 0 0 0 0 0 0 0 0
47 14 0 0 0 0 0 0 0 0
48 14 0 0 0 0 0 0 0 0
49 14 0 0 0 0 0 0 0 0
50 12 0 0 0 0 0 0 0 0
54 12 0 0 0 0 0 0 0 0
55 12 1 1 0 0 0 0 0 0
56 12 0 0 12 0 0 0 0 0
57 12 0 0 0 0 0 0 0 0
59 12 0 0 12 0 0 0 0 0
63 2 0 0 2 0 0 0 0 0
64 2 0 0 0 0 0 0 0 0
65 2 0 0 0 0 0 0 0 0
66 2 0 0 0 0 0 0 0 0
67 2 0 0 0 0 0 0 0 0
68 2 0 0 0 0 0 0 0 0
69 2 0 0 2 1 1 0 0 0
70 2 0 0 0 0 0 0 0 0
71 2 0 0 0 0 0 0 0 0
72 2 0 0 0 0 0 0 0 0
73 2 0 0 0 0 0 0 0 0
74 2 1 1 0 0 0 0 0 0
75 2 0 0 0 0 0 0 0 0
76 2 0 0 2 0 0 0 0 0
77 2 0 0 0 0 0 0 0 0
78 2 0 0 0 0 0 0 0 0
79 2 0 0 0 0 0 0 0 0
80 2 0 0 0 0 0 0 0 0
81 2 0 0 0 0 0 0 0 0
82 2 0 0 0 0 0 0 0 0
83 2 0 0 0 0 0 0 0 0
84 2 0 0 0 0 0 0 0 0
85 2 0 0 0 0 0 0 0 0
86 2 0 0 0 0 0 0 0 0
138 2 1 1 0 0 0 0 0 0
142 2 0 0 0 0 0 0 0 0
143 2 0 0 0 0 0 0 0 0
144 2 0 0 2 0 0 0 0 0
145 2 0 0 0 0 0 0 0 0
147 2 0 0 2 0 0 0 0 0
fl=./string/../sysdeps/x86_64/multiarch/../multiarch/strcmp-sse2.S
fn=strcmp
98 162 1 1 0 0 0 0 0 0
131 162 0 0 0 0 0 0 0 0
132 162 0 0 0 0 0 0 0 0
134 162 0 0 0 0 0 0 0 0
135 162 0 0 0 0 0 0 0 0
156 162 0 0 0 0 0 0 0 0
157 162 0 0 0 0 0 0 0 0
158 140 0 0 0 0 0 0 0 0
159 140 0 0 0 0 0 0 0 0
160 130 0 0 130 9 8 0 0 0
161 130 1 1 130 6 6 0 0 0
162 130 0 0 130 0 0 0 0 0
163 130 0 0 130 0 0 0 0 0
180 130 0 0 0 0 0 0 0 0
181 130 0 0 0 0 0 0 0 0
182 130 0 0 0 0 0 0 0 0
183 130 0 0 0 0 0 0 0 0
184 130 0 0 0 0 0 0 0 0
185 130 0 0 0 0 0 0 0 0
186 130 0 0 0 0 0 0 0 0
191 10 0 0 0 0 0 0 0 0
192 30 0 0 0 0 0 0 0 0
201 42 1 1 0 0 0 0 0 0
202 42 0 0 0 0 0 0 0 0
203 42 0 0 0 0 0 0 0 0
204 42 0 0 0 0 0 0 0 0
205 42 0 0 0 0 0 0 0 0
206 42 0 0 0 0 0 0 0 0
207 42 0 0 0 0 0 0 0 0
208 42 0 0 0 0 0 0 0 0
209 40 0 0 0 0 0 0 0 0
210 21 0 0 0 0 0 0 0 0
211 21 0 0 0 0 0 0 0 0
212 21 0 0 0 0 0 0 0 0
214 40 0 0 0 0 0 0 0 0
215 40 0 0 0 0 0 0 0 0
216 40 0 0 0 0 0 0 0 0
217 40 0 0 40 2 2 0 0 0
218 40 0 0 0 0 0 0 0 0
219 40 0 0 0 0 0 0 0 0
229 2 1 1 2 0 0 0 0 0
230 2 0 0 0 0 0 0 0 0
231 2 0 0 0 0 0 0 0 0
233 2 0 0 2 0 0 0 0 0
239 2 0 0 0 0 0 0 0 0
240 2 0 0 0 0 0 0 0 0
241 2 0 0 0 0 0 0 0 0
242 2 0 0 0 0 0 0 0 0
243 2 0 0 0 0 0 0 0 0
248 2 0 0 0 0 0 0 0 0
300 6 1 1 0 0 0 0 0 0
301 6 0 0 6 0 0 0 0 0
302 6 0 0 6 1 1 0 0 0
303 6 0 0 0 0 0 0 0 0
304 6 0 0 0 0 0 0 0 0
306 6 0 0 0 0 0 0 0 0
307 6 0 0 0 0 0 0 0 0
308 6 1 1 0 0 0 0 0 0
309 6 0 0 0 0 0 0 0 0
310 6 0 0 0 0 0 0 0 0
311 6 0 0 0 0 0 0 0 0
312 6 0 0 0 0 0 0 0 0
313 6 0 0 6 0 0 0 0 0
316 6 0 0 0 0 0 0 0 0
317 6 0 0 0 0 0 0 0 0
318 6 0 0 0 0 0 0 0 0
324 6 0 0 0 0 0 0 0 0
325 6 0 0 0 0 0 0 0 0
326 12 0 0 0 0 0 0 0 0
330 6 1 1 0 0 0 0 0 0
331 6 0 0 0 0 0 0 0 0
334 6 0 0 6 0 0 0 0 0
335 6 0 0 6 0 0 0 0 0
336 6 0 0 0 0 0 0 0 0
338 6 0 0 0 0 0 0 0 0
339 6 0 0 0 0 0 0 0 0
340 6 0 0 0 0 0 0 0 0
344 6 0 0 0 0 0 0 0 0
345 6 0 0 0 0 0 0 0 0
346 6 0 0 0 0 0 0 0 0
347 6 0 0 0 0 0 0 0 0
348 6 0 0 0 0 0 0 0 0
349 6 1 1 0 0 0 0 0 0
661 1 1 1 0 0 0 0 0 0
662 1 0 0 1 0 0 0 0 0
663 1 0 0 1 0 0 0 0 0
664 1 0 0 0 0 0 0 0 0
665 1 0 0 0 0 0 0 0 0
667 1 0 0 0 0 0 0 0 0
668 1 0 0 0 0 0 0 0 0
669 1 1 1 0 0 0 0 0 0
670 1 0 0 0 0 0 0 0 0
671 1 0 0 0 0 0 0 0 0
672 1 0 0 0 0 0 0 0 0
673 1 0 0 0 0 0 0 0 0
780 1 1 1 0 0 0 0 0 0
781 1 0 0 1 0 0 0 0 0
782 1 0 0 1 0 0 0 0 0
783 1 0 0 0 0 0 0 0 0
784 1 0 0 0 0 0 0 0 0
786 1 0 0 0 0 0 0 0 0
787 1 0 0 0 0 0 0 0 0
788 1 1 1 0 0 0 0 0 0
789 1 0 0 0 0 0 0 0 0
790 1 0 0 0 0 0 0 0 0
791 1 0 0 0 0 0 0 0 0
792 1 0 0 0 0 0 0 0 0
899 3 1 1 0 0 0 0 0 0
900 3 0 0 3 1 1 0 0 0
901 3 0 0 3 2 2 0 0 0
902 3 0 0 0 0 0 0 0 0
903 3 0 0 0 0 0 0 0 0
905 3 0 0 0 0 0 0 0 0
906 3 0 0 0 0 0 0 0 0
907 3 1 1 0 0 0 0 0 0
908 3 0 0 0 0 0 0 0 0
909 3 0 0 0 0 0 0 0 0
910 3 0 0 0 0 0 0 0 0
911 3 0 0 0 0 0 0 0 0
912 2 0 0 2 0 0 0 0 0
916 2 0 0 0 0 0 0 0 0
917 2 0 0 0 0 0 0 0 0
918 2 0 0 0 0 0 0 0 0
924 2 0 0 0 0 0 0 0 0
925 2 0 0 0 0 0 0 0 0
926 4 0 0 0 0 0 0 0 0
930 2 1 1 0 0 0 0 0 0
931 2 0 0 0 0 0 0 0 0
934 2 0 0 2 2 2 0 0 0
935 2 0 0 2 0 0 0 0 0
936 2 0 0 0 0 0 0 0 0
938 2 0 0 0 0 0 0 0 0
939 2 0 0 0 0 0 0 0 0
940 2 0 0 0 0 0 0 0 0
944 2 0 0 0 0 0 0 0 0
945 2 0 0 0 0 0 0 0 0
946 2 0 0 0 0 0 0 0 0
947 2 0 0 0 0 0 0 0 0
948 2 0 0 0 0 0 0 0 0
949 2 1 1 0 0 0 0 0 0
956 1 0 0 0 0 0 0 0 0
957 1 0 0 0 0 0 0 0 0
959 1 0 0 0 0 0 0 0 0
960 1 0 0 0 0 0 0 0 0
962 1 0 0 1 0 0 0 0 0
963 1 0 0 1 0 0 0 0 0
964 1 0 0 0 0 0 0 0 0
966 1 0 0 0 0 0 0 0 0
967 1 0 0 0 0 0 0 0 0
968 1 0 0 0 0 0 0 0 0
972 1 0 0 0 0 0 0 0 0
973 1 0 0 0 0 0 0 0 0
974 1 0 0 0 0 0 0 0 0
975 1 0 0 0 0 0 0 0 0
976 1 1 1 0 0 0 0 0 0
977 1 0 0 0 0 0 0 0 0
1018 1 1 1 0 0 0 0 0 0
1019 1 0 0 1 0 0 0 0 0
1020 1 0 0 1 1 1 0 0 0
1021 1 0 0 0 0 0 0 0 0
1022 1 0 0 0 0 0 0 0 0
1024 1 0 0 0 0 0 0 0 0
1025 1 0 0 0 0 0 0 0 0
1026 1 1 1 0 0 0 0 0 0
1027 1 0 0 0 0 0 0 0 0
1028 1 0 0 0 0 0 0 0 0
1029 1 0 0 0 0 0 0 0 0
1030 1 0 0 0 0 0 0 0 0
1031 1 0 0 1 0 0 0 0 0
1035 1 0 0 0 0 0 0 0 0
1036 1 0 0 0 0 0 0 0 0
1037 1 0 0 0 0 0 0 0 0
1043 1 0 0 0 0 0 0 0 0
1044 1 0 0 0 0 0 0 0 0
1045 2 0 0 0 0 0 0 0 0
1049 1 1 1 0 0 0 0 0 0
1050 1 0 0 0 0 0 0 0 0
1053 1 0 0 1 1 1 0 0 0
1054 1 0 0 1 0 0 0 0 0
1055 1 0 0 0 0 0 0 0 0
1057 1 0 0 0 0 0 0 0 0
1058 1 0 0 0 0 0 0 0 0
1059 1 0 0 0 0 0 0 0 0
1063 1 0 0 0 0 0 0 0 0
1064 1 0 0 0 0 0 0 0 0
1065 1 0 0 0 0 0 0 0 0
1066 1 0 0 0 0 0 0 0 0
1067 1 0 0 0 0 0 0 0 0
1068 1 1 1 0 0 0 0 0 0
1137 3 1 1 0 0 0 0 0 0
1138 3 0 0 3 0 0 0 0 0
1139 3 0 0 3 0 0 0 0 0
1140 3 0 0 0 0 0 0 0 0
1141 3 0 0 0 0 0 0 0 0
1143 3 0 0 0 0 0 0 0 0
1144 3 0 0 0 0 0 0 0 0
1145 3 1 1 0 0 0 0 0 0
1146 3 0 0 0 0 0 0 0 0
1147 3 0 0 0 0 0 0 0 0
1148 3 0 0 0 0 0 0 0 0
1149 3 0 0 0 0 0 0 0 0
1256 4 1 1 0 0 0 0 0 0
1257 4 0 0 4 0 0 0 0 0
1258 4 0 0 4 0 0 0 0 0
1259 4 0 0 0 0 0 0 0 0
1260 4 0 0 0 0 0 0 0 0
1262 4 0 0 0 0 0 0 0 0
1263 4 0 0 0 0 0 0 0 0
1264 4 1 1 0 0 0 0 0 0
1265 4 0 0 0 0 0 0 0 0
1266 4 0 0 0 0 0 0 0 0
1267 4 0 0 0 0 0 0 0 0
1268 4 0 0 0 0 0 0 0 0
1494 3 1 1 0 0 0 0 0 0
1495 3 0 0 3 0 0 0 0 0
1496 3 0 0 3 2 2 0 0 0
1497 3 0 0 0 0 0 0 0 0
1498 3 0 0 0 0 0 0 0 0
1500 3 0 0 0 0 0 0 0 0
1501 3 0 0 0 0 0 0 0 0
1502 3 1 1 0 0 0 0 0 0
1503 3 0 0 0 0 0 0 0 0
1504 3 0 0 0 0 0 0 0 0
1505 3 0 0 0 0 0 0 0 0
1506 3 0 0 0 0 0 0 0 0
1507 3 0 0 3 0 0 0 0 0
1511 3 0 0 0 0 0 0 0 0
1512 3 0 0 0 0 0 0 0 0
1513 3 0 0 0 0 0 0 0 0
1519 3 0 0 0 0 0 0 0 0
1520 3 0 0 0 0 0 0 0 0
1521 6 0 0 0 0 0 0 0 0
1525 3 1 1 0 0 0 0 0 0
1526 3 0 0 0 0 0 0 0 0
1529 3 0 0 3 2 2 0 0 0
1530 3 0 0 3 0 0 0 0 0
1531 3 0 0 0 0 0 0 0 0
1533 3 0 0 0 0 0 0 0 0
1534 3 0 0 0 0 0 0 0 0
1535 3 0 0 0 0 0 0 0 0
1539 3 0 0 0 0 0 0 0 0
1540 3 0 0 0 0 0 0 0 0
1541 3 0 0 0 0 0 0 0 0
1542 3 0 0 0 0 0 0 0 0
1543 3 0 0 0 0 0 0 0 0
1544 3 1 1 0 0 0 0 0 0
1613 1 1 1 0 0 0 0 0 0
1614 1 0 0 1 0 0 0 0 0
1615 1 0 0 1 0 0 0 0 0
1616 1 0 0 0 0 0 0 0 0
1617 1 0 0 0 0 0 0 0 0
1619 1 0 0 0 0 0 0 0 0
1620 1 0 0 0 0 0 0 0 0
1621 1 1 1 0 0 0 0 0 0
1622 1 0 0 0 0 0 0 0 0
1623 1 0 0 0 0 0 0 0 0
1624 1 0 0 0 0 0 0 0 0
1625 1 0 0 0 0 0 0 0 0
1626 1 0 0 1 0 0 0 0 0
1630 1 0 0 0 0 0 0 0 0
1631 1 0 0 0 0 0 0 0 0
1632 1 0 0 0 0 0 0 0 0
1638 1 0 0 0 0 0 0 0 0
1639 1 0 0 0 0 0 0 0 0
1640 2 0 0 0 0 0 0 0 0
1644 1 1 1 0 0 0 0 0 0
1645 1 0 0 0 0 0 0 0 0
1648 1 0 0 1 0 0 0 0 0
1649 1 0 0 1 0 0 0 0 0
1650 1 0 0 0 0 0 0 0 0
1652 1 0 0 0 0 0 0 0 0
1653 1 0 0 0 0 0 0 0 0
1654 1 0 0 0 0 0 0 0 0
1658 1 0 0 0 0 0 0 0 0
1659 1 0 0 0 0 0 0 0 0
1660 1 0 0 0 0 0 0 0 0
1661 1 0 0 0 0 0 0 0 0
1662 1 0 0 0 0 0 0 0 0
1663 1 1 1 0 0 0 0 0 0
1670 1 0 0 0 0 0 0 0 0
1671 1 0 0 0 0 0 0 0 0
1673 1 0 0 0 0 0 0 0 0
1674 1 0 0 0 0 0 0 0 0
1676 1 0 0 1 0 0 0 0 0
1677 1 0 0 1 1 1 0 0 0
1678 1 0 0 0 0 0 0 0 0
1680 1 0 0 0 0 0 0 0 0
1681 1 0 0 0 0 0 0 0 0
1682 1 0 0 0 0 0 0 0 0
1686 1 0 0 0 0 0 0 0 0
1687 1 0 0 0 0 0 0 0 0
1688 1 0 0 0 0 0 0 0 0
1689 1 0 0 0 0 0 0 0 0
1690 1 1 1 0 0 0 0 0 0
1691 1 0 0 0 0 0 0 0 0
1732 6 1 1 0 0 0 0 0 0
1733 6 0 0 6 0 0 0 0 0
1734 6 0 0 6 2 2 0 0 0
1735 6 0 0 0 0 0 0 0 0
1736 6 0 0 0 0 0 0 0 0
1738 6 0 0 0 0 0 0 0 0
1739 6 0 0 0 0 0 0 0 0
1740 6 1 1 0 0 0 0 0 0
1741 6 0 0 0 0 0 0 0 0
1742 6 0 0 0 0 0 0 0 0
1743 6 0 0 0 0 0 0 0 0
1744 6 0 0 0 0 0 0 0 0
1745 5 0 0 5 0 0 0 0 0
1749 5 0 0 0 0 0 0 0 0
1750 5 0 0 0 0 0 0 0 0
1751 5 0 0 0 0 0 0 0 0
1757 5 0 0 0 0 0 0 0 0
1758 5 0 0 0 0 0 0 0 0
1759 10 0 0 0 0 0 0 0 0
1763 5 1 1 0 0 0 0 0 0
1764 5 0 0 0 0 0 0 0 0
1767 5 0 0 5 0 0 0 0 0
1768 5 0 0 5 1 1 0 0 0
1769 5 0 0 0 0 0 0 0 0
1771 5 0 0 0 0 0 0 0 0
1772 5 0 0 0 0 0 0 0 0
1773 5 0 0 0 0 0 0 0 0
1777 5 0 0 0 0 0 0 0 0
1778 5 0 0 0 0 0 0 0 0
1779 5 0 0 0 0 0 0 0 0
1780 5 0 0 0 0 0 0 0 0
1781 5 0 0 0 0 0 0 0 0
1782 5 1 1 0 0 0 0 0 0
1789 1 0 0 0 0 0 0 0 0
1790 1 0 0 0 0 0 0 0 0
1792 1 0 0 0 0 0 0 0 0
1793 1 0 0 0 0 0 0 0 0
1795 1 0 0 1 0 0 0 0 0
1796 1 0 0 1 0 0 0 0 0
1797 1 0 0 0 0 0 0 0 0
1799 1 0 0 0 0 0 0 0 0
1800 1 0 0 0 0 0 0 0 0
1801 1 0 0 0 0 0 0 0 0
1805 1 0 0 0 0 0 0 0 0
1806 1 0 0 0 0 0 0 0 0
1807 1 0 0 0 0 0 0 0 0
1808 1 0 0 0 0 0 0 0 0
1809 1 1 1 0 0 0 0 0 0
1810 1 0 0 0 0 0 0 0 0
1851 10 1 1 0 0 0 0 0 0
1852 10 0 0 10 1 1 0 0 0
1853 10 0 0 10 0 0 0 0 0
1854 10 0 0 0 0 0 0 0 0
1855 10 0 0 0 0 0 0 0 0
1857 10 0 0 0 0 0 0 0 0
1858 10 0 0 0 0 0 0 0 0
1859 10 1 1 0 0 0 0 0 0
1860 10 0 0 0 0 0 0 0 0
1861 10 0 0 0 0 0 0 0 0
1862 10 0 0 0 0 0 0 0 0
1863 10 0 0 0 0 0 0 0 0
1864 5 0 0 5 0 0 0 0 0
1868 5 0 0 0 0 0 0 0 0
1869 5 0 0 0 0 0 0 0 0
1870 5 0 0 0 0 0 0 0 0
1876 5 0 0 0 0 0 0 0 0
1877 5 0 0 0 0 0 0 0 0
1878 10 0 0 0 0 0 0 0 0
1882 5 1 1 0 0 0 0 0 0
1883 5 0 0 0 0 0 0 0 0
1886 5 0 0 5 0 0 0 0 0
1887 5 0 0 5 0 0 0 0 0
1888 5 0 0 0 0 0 0 0 0
1890 5 0 0 0 0 0 0 0 0
1891 5 0 0 0 0 0 0 0 0
1892 5 0 0 0 0 0 0 0 0
1896 5 0 0 0 0 0 0 0 0
1897 5 0 0 0 0 0 0 0 0
1898 5 0 0 0 0 0 0 0 0
1899 5 0 0 0 0 0 0 0 0
1900 5 0 0 0 0 0 0 0 0
1901 5 1 1 0 0 0 0 0 0
1970 1 1 1 0 0 0 0 0 0
1971 1 0 0 1 0 0 0 0 0
1972 1 0 0 1 0 0 0 0 0
1973 1 0 0 0 0 0 0 0 0
1974 1 0 0 0 0 0 0 0 0
1976 1 0 0 0 0 0 0 0 0
1977 1 0 0 0 0 0 0 0 0
1978 1 1 1 0 0 0 0 0 0
1979 1 0 0 0 0 0 0 0 0
1980 1 0 0 0 0 0 0 0 0
1981 1 0 0 0 0 0 0 0 0
1982 1 0 0 0 0 0 0 0 0
2093 23 0 0 0 0 0 0 0 0
2095 42 1 1 0 0 0 0 0 0
2096 42 0 0 0 0 0 0 0 0
2097 42 0 0 0 0 0 0 0 0
2098 42 0 0 0 0 0 0 0 0
2099 42 0 0 0 0 0 0 0 0
2104 162 1 1 0 0 0 0 0 0
2110 162 0 0 162 0 0 0 0 0
2111 162 0 0 162 0 0 0 0 0
2119 162 0 0 0 0 0 0 0 0
2120 162 0 0 162 0 0 0 0 0
fn=strncmp
98 1 1 1 0 0 0 0 0 0
125 1 0 0 0 0 0 0 0 0
126 1 0 0 0 0 0 0 0 0
127 1 0 0 0 0 0 0 0 0
128 1 0 0 0 0 0 0 0 0
129 1 0 0 0 0 0 0 0 0
131 1 0 0 0 0 0 0 0 0
132 1 0 0 0 0 0 0 0 0
134 1 1 1 0 0 0 0 0 0
135 1 0 0 0 0 0 0 0 0
156 1 0 0 0 0 0 0 0 0
157 1 0 0 0 0 0 0 0 0
158 1 0 0 0 0 0 0 0 0
159 1 0 0 0 0 0 0 0 0
160 1 0 0 1 0 0 0 0 0
161 1 0 0 1 1 1 0 0 0
162 1 0 0 1 0 0 0 0 0
163 1 0 0 1 0 0 0 0 0
180 1 0 0 0 0 0 0 0 0
181 1 0 0 0 0 0 0 0 0
182 1 0 0 0 0 0 0 0 0
183 1 0 0 0 0 0 0 0 0
184 1 0 0 0 0 0 0 0 0
185 1 0 0 0 0 0 0 0 0
186 1 1 1 0 0 0 0 0 0
2104 1 1 1 0 0 0 0 0 0
2107 1 0 0 0 0 0 0 0 0
2108 1 0 0 0 0 0 0 0 0
2110 1 0 0 1 0 0 0 0 0
2111 1 0 0 1 0 0 0 0 0
2119 1 0 0 0 0 0 0 0 0
2120 1 0 0 1 0 0 0 0 0
fl=./string/../sysdeps/x86_64/multiarch/../multiarch/strlen-sse2.S
fn=strlen
57 12 1 1 0 0 0 0 0 0
101 12 0 0 0 0 0 0 0 0
102 12 0 0 0 0 0 0 0 0
103 12 0 0 0 0 0 0 0 0
104 12 0 0 0 0 0 0 0 0
105 12 0 0 0 0 0 0 0 0
106 12 0 0 0 0 0 0 0 0
107 12 0 0 0 0 0 0 0 0
109 12 0 0 0 0 0 0 0 0
111 12 0 0 0 0 0 0 0 0
142 12 0 0 12 2 2 0 0 0
143 12 0 0 0 0 0 0 0 0
144 12 0 0 0 0 0 0 0 0
145 12 0 0 0 0 0 0 0 0
146 12 0 0 0 0 0 0 0 0
147 6 0 0 0 0 0 0 0 0
149 6 0 0 6 0 0 0 0 0
153 6 1 1 0 0 0 0 0 0
154 6 0 0 6 0 0 0 0 0
155 6 0 0 6 0 0 0 0 0
156 6 0 0 6 0 0 0 0 0
157 6 0 0 0 0 0 0 0 0
158 6 0 0 0 0 0 0 0 0
159 6 0 0 0 0 0 0 0 0
160 6 0 0 0 0 0 0 0 0
161 6 0 0 0 0 0 0 0 0
162 6 0 0 0 0 0 0 0 0
163 6 0 0 0 0 0 0 0 0
164 6 0 0 0 0 0 0 0 0
169 48 1 1 6 0 0 0 0 0
fl=./string/../sysdeps/x86_64/multiarch/ifunc-avx2.h
fn=memrchr
38 4 1 1 0 0 0 0 0 0
40 3 0 0 2 0 0 0 0 0
41 2 0 0 1 0 0 0 0 0
42 3 0 0 1 0 0 0 0 0
45 2 0 0 0 0 0 0 0 0
46 2 0 0 0 0 0 0 0 0
49 3 0 0 0 0 0 0 0 0
52 6 0 0 0 0 0 0 0 0
fn=rindex
38 4 0 0 0 0 0 0 0 0
40 3 1 1 2 0 0 0 0 0
41 2 0 0 1 0 0 0 0 0
42 3 0 0 1 0 0 0 0 0
45 2 0 0 0 0 0 0 0 0
46 2 0 0 0 0 0 0 0 0
49 3 0 0 0 0 0 0 0 0
52 6 1 1 0 0 0 0 0 0
fn=strchrnul
38 4 0 0 0 0 0 0 0 0
40 3 1 1 2 0 0 0 0 0
41 2 0 0 1 0 0 0 0 0
42 3 0 0 1 0 0 0 0 0
45 2 0 0 0 0 0 0 0 0
46 2 0 0 0 0 0 0 0 0
49 3 0 0 0 0 0 0 0 0
52 6 1 1 0 0 0 0 0 0
fn=strlen
38 4 1 1 0 0 0 0 0 0
40 3 0 0 2 0 0 0 0 0
41 2 0 0 1 0 0 0 0 0
42 3 0 0 1 0 0 0 0 0
45 2 0 0 0 0 0 0 0 0
46 2 0 0 0 0 0 0 0 0
49 3 0 0 0 0 0 0 0 0
52 6 1 1 0 0 0 0 0 0
fn=strnlen
38 8 0 0 0 0 0 0 0 0
40 6 1 1 4 0 0 0 0 0
41 4 0 0 2 0 0 0 0 0
42 6 0 0 2 0 0 0 0 0
45 4 0 0 0 0 0 0 0 0
46 4 0 0 0 0 0 0 0 0
49 6 0 0 0 0 0 0 0 0
52 12 1 1 0 0 0 0 0 0
fl=./string/../sysdeps/x86_64/multiarch/ifunc-evex.h
fn=memchr
37 4 0 0 0 0 0 0 0 0
38 3 0 0 2 0 0 0 0 0
39 3 1 1 1 0 0 0 0 0
42 2 0 0 0 0 0 0 0 0
43 2 0 0 0 0 0 0 0 0
45 2 0 0 0 0 0 0 0 0
51 3 0 0 0 0 0 0 0 0
54 4 0 0 0 0 0 0 0 0
fl=./string/../sysdeps/x86_64/multiarch/ifunc-memcmp.h
fn=bcmp
34 5 0 0 2 0 0 0 0 0
35 2 0 0 1 0 0 0 0 0
36 2 0 0 0 0 0 0 0 0
37 3 1 1 1 0 0 0 0 0
40 2 0 0 0 0 0 0 0 0
41 2 0 0 0 0 0 0 0 0
44 3 0 0 0 0 0 0 0 0
47 4 0 0 0 0 0 0 0 0
fl=./string/../sysdeps/x86_64/multiarch/ifunc-memmove.h
fn=memcpy@@GLIBC_2.14
56 2 0 0 0 0 0 0 0 0
57 3 0 0 2 0 0 0 0 0
60 3 0 0 1 0 0 0 0 0
61 2 1 1 0 0 0 0 0 0
74 2 0 0 0 0 0 0 0 0
77 2 0 0 0 0 0 0 0 0
85 2 0 0 0 0 0 0 0 0
93 2 1 1 0 0 0 0 0 0
96 5 2 2 1 0 0 0 0 0
fn=memmove
56 2 0 0 0 0 0 0 0 0
57 3 0 0 2 0 0 0 0 0
60 3 1 1 1 0 0 0 0 0
61 2 1 1 0 0 0 0 0 0
74 2 0 0 0 0 0 0 0 0
77 2 0 0 0 0 0 0 0 0
85 2 0 0 0 0 0 0 0 0
93 2 0 0 0 0 0 0 0 0
96 5 1 1 1 0 0 0 0 0
fn=mempcpy
56 2 0 0 0 0 0 0 0 0
57 3 0 0 2 0 0 0 0 0
60 3 0 0 1 0 0 0 0 0
61 2 1 1 0 0 0 0 0 0
74 2 0 0 0 0 0 0 0 0
77 2 0 0 0 0 0 0 0 0
85 2 0 0 0 0 0 0 0 0
93 2 1 1 0 0 0 0 0 0
96 5 1 1 1 0 0 0 0 0
fl=./string/../sysdeps/x86_64/multiarch/ifunc-memset.h
fn=memset
54 5 1 1 2 0 0 0 0 0
57 3 0 0 1 0 0 0 0 0
58 2 1 1 0 0 0 0 0 0
64 2 0 0 0 0 0 0 0 0
73 2 0 0 0 0 0 0 0 0
75 2 0 0 0 0 0 0 0 0
85 2 0 0 0 0 0 0 0 0
93 2 0 0 0 0 0 0 0 0
96 5 0 0 1 0 0 0 0 0
fl=./string/../sysdeps/x86_64/multiarch/ifunc-sse4_2.h
fn=strcspn
36 5 1 1 2 0 0 0 0 0
fn=strpbrk
36 5 0 0 2 1 0 0 0 0
fn=strspn
36 5 0 0 2 0 0 0 0 0
fl=./string/../sysdeps/x86_64/multiarch/ifunc-strcasecmp.h
fn=strcasecmp
36 4 0 0 0 0 0 0 0 0
37 2 1 1 2 0 0 0 0 0
38 3 1 1 1 0 0 0 0 0
41 2 0 0 0 0 0 0 0 0
42 2 0 0 0 0 0 0 0 0
45 3 0 0 0 0 0 0 0 0
48 5 0 0 0 0 0 0 0 0
fn=strcasecmp_l
36 4 0 0 0 0 0 0 0 0
37 2 0 0 2 0 0 0 0 0
38 3 1 1 1 0 0 0 0 0
41 2 0 0 0 0 0 0 0 0
42 2 0 0 0 0 0 0 0 0
45 3 0 0 0 0 0 0 0 0
48 5 1 1 0 0 0 0 0 0
fn=strncasecmp
36 4 0 0 0 0 0 0 0 0
37 2 1 1 2 0 0 0 0 0
38 3 1 1 1 0 0 0 0 0
41 2 0 0 0 0 0 0 0 0
42 2 0 0 0 0 0 0 0 0
45 3 0 0 0 0 0 0 0 0
48 5 0 0 0 0 0 0 0 0
fn=strncasecmp_l
36 4 0 0 0 0 0 0 0 0
37 2 0 0 2 0 0 0 0 0
38 3 1 1 1 0 0 0 0 0
41 2 0 0 0 0 0 0 0 0
42 2 0 0 0 0 0 0 0 0
45 3 0 0 0 0 0 0 0 0
48 5 1 1 0 0 0 0 0 0
fl=./string/../sysdeps/x86_64/multiarch/ifunc-strcpy.h
fn=stpcpy
38 4 0 0 2 0 0 0 0 0
39 3 1 1 1 0 0 0 0 0
42 2 0 0 0 0 0 0 0 0
43 2 0 0 0 0 0 0 0 0
46 3 0 0 0 0 0 0 0 0
49 3 0 0 0 0 0 0 0 0
fn=strcat
38 4 0 0 2 0 0 0 0 0
39 3 0 0 1 0 0 0 0 0
42 2 0 0 0 0 0 0 0 0
43 2 0 0 0 0 0 0 0 0
46 3 0 0 0 0 0 0 0 0
49 3 0 0 0 0 0 0 0 0
fn=strcpy
38 4 0 0 2 0 0 0 0 0
39 3 0 0 1 0 0 0 0 0
42 2 0 0 0 0 0 0 0 0
43 2 0 0 0 0 0 0 0 0
46 3 0 0 0 0 0 0 0 0
49 3 0 0 0 0 0 0 0 0
fl=./string/../sysdeps/x86_64/multiarch/ifunc-strncpy.h
fn=stpncpy
35 5 0 0 2 0 0 0 0 0
36 3 0 0 1 0 0 0 0 0
39 2 0 0 0 0 0 0 0 0
40 2 0 0 0 0 0 0 0 0
43 3 0 0 0 0 0 0 0 0
46 4 0 0 0 0 0 0 0 0
fn=strncpy
35 5 1 1 2 0 0 0 0 0
36 3 0 0 1 0 0 0 0 0
39 2 0 0 0 0 0 0 0 0
40 2 0 0 0 0 0 0 0 0
43 3 0 0 0 0 0 0 0 0
46 4 0 0 0 0 0 0 0 0
fl=./string/../sysdeps/x86_64/multiarch/memchr.c
fn=memchr
29 2 1 1 1 0 0 0 0 0
fl=./string/../sysdeps/x86_64/multiarch/memcmp.c
fn=bcmp
29 4 1 1 1 0 0 0 0 0
fl=./string/../sysdeps/x86_64/multiarch/memcmpeq.c
fn=memcpy@@GLIBC_2.14
29 1 1 1 0 0 0 0 0 0
fl=./string/../sysdeps/x86_64/multiarch/memmove-vec-unaligned-erms.S
fn=memcpy
210 14 1 1 0 0 0 0 0 0
211 14 0 0 0 0 0 0 0 0
217 19 0 0 0 0 0 0 0 0
218 19 0 0 0 0 0 0 0 0
220 13 0 0 13 0 0 0 0 0
221 13 0 0 0 0 0 0 0 0
222 13 0 0 0 0 0 0 0 0
224 9 0 0 9 0 0 0 0 0
225 9 0 0 0 0 0 9 2 2
226 9 0 0 0 0 0 9 1 1
228 9 0 0 9 0 0 0 0 0
308 6 1 1 0 0 0 0 0 0
309 6 0 0 0 0 0 0 0 0
311 1 0 0 0 0 0 0 0 0
315 1 0 0 0 0 0 0 0 0
316 1 0 0 0 0 0 0 0 0
317 1 0 0 0 0 0 0 0 0
318 1 0 0 1 1 1 0 0 0
319 1 0 0 0 0 0 0 0 0
323 1 0 0 0 0 0 1 1 1
325 1 0 0 1 0 0 0 0 0
364 5 1 1 5 0 0 0 0 0
365 5 0 0 5 0 0 0 0 0
366 5 0 0 0 0 0 5 1 1
367 5 0 0 0 0 0 5 0 0
368 5 0 0 5 0 0 0 0 0
375 4 0 0 4 0 0 0 0 0
376 4 0 0 4 0 0 0 0 0
377 4 0 0 0 0 0 4 1 1
378 4 0 0 0 0 0 4 2 2
379 4 0 0 0 0 0 4 2 2
380 4 0 0 0 0 0 4 0 0
381 4 0 0 4 0 0 0 0 0
392 4 0 0 0 0 0 0 0 0
393 4 0 0 0 0 0 0 0 0
395 4 0 0 4 0 0 0 0 0
396 4 1 1 0 0 0 0 0 0
397 4 0 0 0 0 0 0 0 0
fn=mempcpy
197 5 0 0 0 0 0 0 0 0
198 5 0 0 0 0 0 0 0 0
199 5 0 0 0 0 0 0 0 0
200 5 0 0 0 0 0 0 0 0
fl=./string/../sysdeps/x86_64/multiarch/memmove.c
fn=memmove
29 1 1 1 0 0 0 0 0 0
fl=./string/../sysdeps/x86_64/multiarch/mempcpy.c
fn=mempcpy
33 1 1 1 0 0 0 0 0 0
fl=./string/../sysdeps/x86_64/multiarch/memrchr.c
fn=memrchr
29 3 1 1 1 0 0 0 0 0
fl=./string/../sysdeps/x86_64/multiarch/memset.c
fn=memset
29 1 1 1 0 0 0 0 0 0
fl=./string/../sysdeps/x86_64/multiarch/stpcpy.c
fn=stpcpy
33 3 1 1 1 0 0 0 0 0
fl=./string/../sysdeps/x86_64/multiarch/stpncpy.c
fn=stpncpy
31 3 2 2 1 0 0 0 0 0
fl=./string/../sysdeps/x86_64/multiarch/strcasecmp.c
fn=strcasecmp
31 3 0 0 1 0 0 0 0 0
fl=./string/../sysdeps/x86_64/multiarch/strcasecmp_l.c
fn=strcasecmp_l
31 3 1 1 1 0 0 0 0 0
fl=./string/../sysdeps/x86_64/multiarch/strcat.c
fn=strcat
29 3 1 1 1 0 0 0 0 0
fl=./string/../sysdeps/x86_64/multiarch/strchr.c
fn=index
42 4 0 0 0 0 0 0 0 0
43 2 1 1 2 0 0 0 0 0
44 3 0 0 1 0 0 0 0 0
47 2 0 0 0 0 0 0 0 0
48 2 0 0 0 0 0 0 0 0
51 3 0 0 0 0 0 0 0 0
54 3 0 0 0 0 0 0 0 0
65 3 2 2 1 0 0 0 0 0
fl=./string/../sysdeps/x86_64/multiarch/strchrnul.c
fn=strchrnul
31 3 0 0 1 0 0 0 0 0
fl=./string/../sysdeps/x86_64/multiarch/strcmp.c
fn=strcmp
47 4 0 0 0 0 0 0 0 0
48 2 0 0 2 0 0 0 0 0
49 3 1 1 1 0 0 0 0 0
52 2 0 0 0 0 0 0 0 0
53 2 1 1 0 0 0 0 0 0
56 3 0 0 0 0 0 0 0 0
59 3 0 0 0 0 0 0 0 0
79 3 1 1 1 0 0 0 0 0
fl=./string/../sysdeps/x86_64/multiarch/strcpy.c
fn=strcpy
29 3 1 1 1 0 0 0 0 0
fl=./string/../sysdeps/x86_64/multiarch/strcspn.c
fn=strcspn
29 2 1 1 1 0 0 0 0 0
fl=./string/../sysdeps/x86_64/multiarch/strlen.c
fn=strlen
29 3 1 1 1 0 0 0 0 0
fl=./string/../sysdeps/x86_64/multiarch/strncase.c
fn=strncasecmp
31 3 0 0 1 0 0 0 0 0
fl=./string/../sysdeps/x86_64/multiarch/strncase_l.c
fn=strncasecmp_l
31 3 1 1 1 0 0 0 0 0
fl=./string/../sysdeps/x86_64/multiarch/strncmp.c
fn=strncmp
43 4 0 0 0 0 0 0 0 0
44 2 0 0 2 0 0 0 0 0
45 3 1 1 1 0 0 0 0 0
48 2 0 0 0 0 0 0 0 0
49 2 0 0 0 0 0 0 0 0
52 3 0 0 0 0 0 0 0 0
55 5 1 1 0 0 0 0 0 0
67 3 1 1 1 0 0 0 0 0
fl=./string/../sysdeps/x86_64/multiarch/strncpy.c
fn=strncpy
29 3 1 1 1 0 0 0 0 0
fl=./string/../sysdeps/x86_64/multiarch/strnlen.c
fn=strnlen
31 6 1 1 2 0 0 0 0 0
fl=./string/../sysdeps/x86_64/multiarch/strpbrk.c
fn=strpbrk
29 2 1 1 1 0 0 0 0 0
fl=./string/../sysdeps/x86_64/multiarch/strrchr-avx2.S
fn=__strrchr_avx2
53 1 1 1 0 0 0 0 0 0
54 1 0 0 0 0 0 0 0 0
55 1 0 0 0 0 0 0 0 0
57 1 0 0 0 0 0 0 0 0
58 1 1 1 0 0 0 0 0 0
62 1 0 0 0 0 0 0 0 0
63 1 0 0 0 0 0 0 0 0
64 1 0 0 0 0 0 0 0 0
67 1 0 0 1 1 0 0 0 0
69 1 0 0 0 0 0 0 0 0
70 1 0 0 0 0 0 0 0 0
71 1 0 0 0 0 0 0 0 0
72 1 0 0 0 0 0 0 0 0
75 1 0 0 0 0 0 0 0 0
76 1 0 0 0 0 0 0 0 0
78 1 0 0 0 0 0 0 0 0
79 1 0 0 0 0 0 0 0 0
80 1 0 0 0 0 0 0 0 0
81 1 0 0 0 0 0 0 0 0
82 1 0 0 0 0 0 0 0 0
91 2 0 0 1 0 0 0 0 0
fl=./string/../sysdeps/x86_64/multiarch/strrchr.c
fn=rindex
28 3 0 0 1 0 0 0 0 0
fl=./string/../sysdeps/x86_64/multiarch/strspn.c
fn=strspn
29 2 1 1 1 0 0 0 0 0
fl=./string/./string/strdup.c
fn=strdup
40 12 1 1 0 0 0 6 0 0
41 4 0 0 0 0 0 2 0 0
44 4 1 1 0 0 0 0 0 0
47 8 0 0 0 0 0 0 0 0
48 6 0 0 6 0 0 0 0 0
fl=./wcsmbs/../sysdeps/x86_64/multiarch/ifunc-avx2.h
fn=wcschr
38 8 1 1 0 0 0 0 0 0
40 6 0 0 4 0 0 0 0 0
41 4 0 0 2 0 0 0 0 0
42 6 0 0 2 0 0 0 0 0
45 4 0 0 0 0 0 0 0 0
46 4 0 0 0 0 0 0 0 0
49 6 0 0 0 0 0 0 0 0
52 12 1 1 0 0 0 0 0 0
fn=wcscmp
38 4 0 0 0 0 0 0 0 0
40 3 0 0 2 0 0 0 0 0
41 2 1 1 1 0 0 0 0 0
42 3 0 0 1 0 0 0 0 0
45 2 0 0 0 0 0 0 0 0
46 2 0 0 0 0 0 0 0 0
49 3 0 0 0 0 0 0 0 0
52 6 1 1 0 0 0 0 0 0
fl=./wcsmbs/../sysdeps/x86_64/multiarch/ifunc-evex.h
fn=wmemchr
37 8 0 0 0 0 0 0 0 0
38 6 1 1 4 0 0 0 0 0
39 6 0 0 2 0 0 0 0 0
42 4 0 0 0 0 0 0 0 0
43 4 1 1 0 0 0 0 0 0
45 4 0 0 0 0 0 0 0 0
51 6 0 0 0 0 0 0 0 0
54 8 0 0 0 0 0 0 0 0
fl=./wcsmbs/../sysdeps/x86_64/multiarch/ifunc-memcmp.h
fn=wmemcmp
34 5 1 1 2 0 0 0 0 0
35 2 0 0 1 0 0 0 0 0
36 2 0 0 0 0 0 0 0 0
37 3 0 0 1 0 0 0 0 0
40 2 0 0 0 0 0 0 0 0
41 2 0 0 0 0 0 0 0 0
44 3 0 0 0 0 0 0 0 0
47 4 0 0 0 0 0 0 0 0
fl=./wcsmbs/../sysdeps/x86_64/multiarch/ifunc-wcs.h
fn=wcpncpy
39 4 1 1 0 0 0 0 0 0
40 3 0 0 2 0 0 0 0 0
41 3 0 0 1 0 0 0 0 0
44 2 0 0 0 0 0 0 0 0
45 3 0 0 0 0 0 0 0 0
48 4 0 0 0 0 0 0 0 0
fn=wcscat
39 4 0 0 0 0 0 0 0 0
40 3 0 0 2 0 0 0 0 0
41 3 0 0 1 0 0 0 0 0
44 2 0 0 0 0 0 0 0 0
45 3 0 0 0 0 0 0 0 0
48 4 0 0 0 0 0 0 0 0
fn=wcsncpy
39 4 0 0 0 0 0 0 0 0
40 3 0 0 2 0 0 0 0 0
41 3 0 0 1 0 0 0 0 0
44 2 0 0 0 0 0 0 0 0
45 3 0 0 0 0 0 0 0 0
48 4 0 0 0 0 0 0 0 0
fl=./wcsmbs/../sysdeps/x86_64/multiarch/ifunc-wcslen.h
fn=wcslen
40 4 0 0 0 0 0 0 0 0
41 2 0 0 2 0 0 0 0 0
42 3 1 1 1 0 0 0 0 0
45 2 0 0 0 0 0 0 0 0
46 2 0 0 0 0 0 0 0 0
49 3 0 0 0 0 0 0 0 0
52 3 0 0 0 0 0 0 0 0
fn=wcsnlen
40 4 0 0 0 0 0 0 0 0
41 2 1 1 2 0 0 0 0 0
42 3 0 0 1 0 0 0 0 0
45 2 1 1 0 0 0 0 0 0
46 2 0 0 0 0 0 0 0 0
49 3 0 0 0 0 0 0 0 0
52 3 0 0 0 0 0 0 0 0
fl=./wcsmbs/../sysdeps/x86_64/multiarch/ifunc-wmemset.h
fn=wmemset
36 10 0 0 4 0 0 0 0 0
37 6 1 1 2 0 0 0 0 0
fl=./wcsmbs/../sysdeps/x86_64/multiarch/wcpcpy.c
fn=wcpncpy
31 1 1 1 0 0 0 0 0 0
fl=./wcsmbs/../sysdeps/x86_64/multiarch/wcpncpy.c
fn=wcpncpy
31 1 0 0 1 0 0 0 0 0
fl=./wcsmbs/../sysdeps/x86_64/multiarch/wcscat.c
fn=wcscat
31 2 1 1 1 0 0 0 0 0
fn=wcschr
31 2 1 1 0 0 0 0 0 0
fl=./wcsmbs/../sysdeps/x86_64/multiarch/wcschr.c
fn=wcschr
31 4 0 0 2 0 0 0 0 0
fl=./wcsmbs/../sysdeps/x86_64/multiarch/wcscmp.c
fn=wcscmp
30 3 1 1 1 0 0 0 0 0
fl=./wcsmbs/../sysdeps/x86_64/multiarch/wcscpy.c
fn=wcscpy
42 4 0 0 0 0 0 0 0 0
43 2 1 1 2 0 0 0 0 0
44 3 0 0 1 0 0 0 0 0
46 2 1 1 0 0 0 0 0 0
47 3 0 0 0 0 0 0 0 0
50 3 0 0 0 0 0 0 0 0
60 2 1 1 1 0 0 0 0 0
fl=./wcsmbs/../sysdeps/x86_64/multiarch/wcslen.c
fn=wcslen
29 3 2 2 1 0 0 0 0 0
fl=./wcsmbs/../sysdeps/x86_64/multiarch/wcsncpy.c
fn=wcsncpy
31 2 1 1 1 0 0 0 0 0
fl=./wcsmbs/../sysdeps/x86_64/multiarch/wcsnlen.c
fn=wcsnlen
30 3 1 1 1 0 0 0 0 0
fl=./wcsmbs/../sysdeps/x86_64/multiarch/wmemchr.c
fn=wmemchr
31 4 1 1 2 0 0 0 0 0
fl=./wcsmbs/../sysdeps/x86_64/multiarch/wmemcmp.c
fn=wmemcmp
29 4 1 1 1 0 0 0 0 0
fl=./wcsmbs/../sysdeps/x86_64/multiarch/wmemset.c
fn=wmemset
31 4 1 1 2 0 0 0 0 0
fl=/home/oscarlab/lab2_test/fisrt_part/cachegrind/spacial/good.c
fn=main
25 3 1 1 0 0 0 1 0 0
26 2 0 0 0 0 0 1 0 0
27 2 0 0 0 0 0 1 0 0
29 1 0 0 0 0 0 0 0 0
30 2 0 0 2 0 0 0 0 0
fn=set_array_rows
10 3 0 0 0 0 0 1 0 0
12 3004 1 1 2001 0 0 1 0 0
13 3004000 1 1 2001000 0 0 1000 0 0
14 12000000 0 0 4000000 0 0 1000000 62500 62500
15 4 0 0 2 1 0 0 0 0
fn=sum_array_rows
17 3 0 0 0 0 0 1 0 0
20 3004 0 0 2001 0 0 1 0 0
21 3004000 0 0 2001000 0 0 1000 0 0
22 12000000 0 0 4000000 62501 1 1000000 0 0
23 4 0 0 2 1 0 0 0 0
fl=???
fn=(below main)
0 12 1 1 2 0 0 3 0 0
fn=???
0 129 16 15 35 4 0 11 1 1
summary: 30162063 1074 1073 12040014 63704 1013 2013303 62829 62809
